T2I	0	0	0	0	0	0	NaN	0	0	0	0	0	0.0149253731343284	0.108108108108108	0	0.0384615384615385	0	0
T2V	0	0	0	0	0	0	NaN	0	0	0	0	0	0	0	0.05	0	0	0
I3L	0	0	0	0	0.5	0	NaN	0.5	0.866666666666667	0.807692307692308	0.596491228070175	0.707317073170732	0.805970149253731	0.594594594594595	0.733333333333333	0.692307692307692	0.816326530612245	0.872727272727273
L3I	0	0	0	0	0	0	NaN	0	0	0	0	0	0.0447761194029851	0.0540540540540541	0.15	0.0384615384615385	0.183673469387755	0.0363636363636364
I3L	0	0	0	0	0	0	NaN	0	0	0	0	0	0	0	0.0166666666666667	0.0769230769230769	0	0
I3L	0	0	0	0	0	0	NaN	0	0	0	0	0	0	0	0	0.0384615384615385	0	0.0909090909090909
A4T	0	0	0	0	0	0	NaN	0	0	0	0	0	0.0149253731343284	0.027027027027027	0	0	0	0
T5A	0	0	0	0	0.25	0	NaN	0.5	0.866666666666667	0.807692307692308	0.596491228070175	0.609756097560976	0.835820895522388	0.621621621621622	0.883333333333333	0.846153846153846	1	1
A5G	0	0	0	0	0	0	NaN	0	0	0	0	0.0975609756097561	0	0	0	0	0	0
A5V	0	0	0	0	0	0	NaN	0	0	0	0	0	0.0149253731343284	0.027027027027027	0.0166666666666667	0	0	0
M6V	0	0	0	0	0	0	NaN	0	0	0	0	0.024390243902439	0.0149253731343284	0	0	0	0	0
F8L	0	0	0	0	0	0	NaN	0	0.133333333333333	0.153846153846154	0.403508771929825	0.292682926829268	0.149253731343284	0.351351351351351	0.05	0.153846153846154	0	0
L9F	0	0	0	0	0	0	NaN	0	0	0	0	0	0	0	0.05	0.0769230769230769	0.122448979591837	0
M10T	0.285714285714286	0	0	0	0	0	NaN	0	0	0	0	0	0	0	0	0	0	0
I12T	0	0	0	0	0	0	NaN	0	0	0	0.0175438596491228	0.024390243902439	0.104477611940299	0.189189189189189	0.35	0.423076923076923	0.73469387755102	0.872727272727273
I12T	0	0	0	0	0	0	NaN	0	0	0	0	0	0	0	0	0.0384615384615385	0.0204081632653061	0
I12T	0	0	0	0	0	0	NaN	0	0	0	0	0	0	0.027027027027027	0.0666666666666667	0.0384615384615385	0	0
I12V	0	0	0	0	0	0	NaN	0	0	0	0	0	0	0	0.05	0	0	0
A13V	0	0	0	0	0	0	NaN	0	0	0	0	0	0	0	0.0333333333333333	0	0	0
A13T	0	0	0	0	0	0	NaN	0	0	0	0	0	0.0298507462686567	0.243243243243243	0	0.0384615384615385	0	0
V16I	0	0	0	0	0	0	NaN	0	0	0	0	0.121951219512195	0.0447761194029851	0.0540540540540541	0	0.0384615384615385	0	0
V16I	0	0	0	0	0	1	NaN	0	0	0.0384615384615385	0	0	0	0	0.05	0	0	0
T17N	0	0	0	0	0	0	NaN	0	0	0	0	0	0	0	0	0	0.0408163265306122	0
N18T	0	0	0	0	0	0	NaN	0	0	0	0	0	0	0	0.0333333333333333	0.0384615384615385	0	0
V19I	0	0	0	0	0	0	NaN	0	0	0	0	0	0	0	0.0333333333333333	0.0384615384615385	0	0
V19I	0	0	0	0	0	0	NaN	0	0	0	0	0.0975609756097561	0.0149253731343284	0	0	0	0	0
T20K	0	0	0	0	0	0	NaN	0	0	0	0	0	0	0	0.0166666666666667	0	0.0204081632653061	0
T20K	0	0	0	0	0	0	NaN	0	0	0	0	0	0	0	0	0	0.0408163265306122	0
L21F	0	0	0	0	0	0	NaN	0	0	0	0	0	0	0	0.0333333333333333	0.0384615384615385	0	0
H22Q	0	0	0	0	0	0	NaN	0	0	0	0	0	0	0.027027027027027	0.0833333333333333	0	0	0
H22Q	0	0	0	0	0	0	NaN	0	0	0	0.0701754385964912	0	0.0298507462686567	0	0.0166666666666667	0.0769230769230769	0.102040816326531	0.0181818181818182
H22Q	0	0	0	0	0	0	NaN	0	0	0	0.0175438596491228	0.024390243902439	0.0149253731343284	0	0	0	0	0
F23P	0	0	0	0	0	0	NaN	0	0	0	0	0	0	0	0	0	0.0408163265306122	0.0727272727272727
F23S	0	0	0	0	0	0	NaN	0	0	0	0.298245614035088	0.292682926829268	0.119402985074627	0.351351351351351	0	0.115384615384615	0	0
N24D	0	0	0	0	0	0	NaN	0	0	0	0	0	0	0	0.0333333333333333	0	0	0
Y26C	0	0	0	0	0.25	0	NaN	0.5	0.866666666666667	0.807692307692308	0.596491228070175	0.707317073170732	0.82089552238806	0.648648648648649	0.85	0.807692307692308	1	1
C26S	0	0	0	0	0	0	NaN	0	0	0	0	0	0	0	0.0333333333333333	0.0384615384615385	0	0
C26Y	0	0	0	0	0	0	NaN	0	0	0	0	0	0.0298507462686567	0	0.0166666666666667	0	0	0
C28Y	0	0	0	0	0	0	NaN	0	0	0	0	0	0.0149253731343284	0.027027027027027	0	0.0384615384615385	0	0
C28Y	0	0	0	0	0	0	NaN	0	0	0.0769230769230769	0.0175438596491228	0	0.0149253731343284	0.027027027027027	0.0833333333333333	0.0384615384615385	0.0408163265306122	0.0727272727272727
C28Y	0	0	0	0	0	0	NaN	0	0	0	0	0	0.0149253731343284	0	0	0	0	0.0181818181818182
Y28C	0	0	0	0	0	0	NaN	0	0	0	0	0	0	0	0.0666666666666667	0.0384615384615385	0	0
C28Y	0	0	0	0	0	0	NaN	0	0.0666666666666667	0.0384615384615385	0	0.024390243902439	0.0298507462686567	0	0	0	0	0
N29H	0	0	0	0	0	0	NaN	0	0.8	0.769230769230769	0.596491228070175	0.707317073170732	0.82089552238806	0.648648648648649	0.9	0.846153846153846	1	0.945454545454545
H29L	0	0	0	0	0	0	NaN	0	0	0	0	0	0	0	0	0	0	0.0545454545454545
H29Q	0	0	0	0	0	0	NaN	0	0	0	0	0	0.0298507462686567	0	0	0	0	0
Y30S	0	0	0	0	0	0	NaN	0	0	0	0	0	0	0	0	0	0.0816326530612245	0
Y30H	0	0	0	0	0	0	NaN	0	0	0	0	0	0.0149253731343284	0.135135135135135	0	0	0	0
P31S	0	0	0	0	0	0	NaN	0	0	0	0	0	0	0	0	0	0.0204081632653061	0.109090909090909
P32L	0	0	0	0	0	0	NaN	0	0	0	0	0	0.0447761194029851	0	0	0	0	0
N33K	0	0	0	0	0	0	NaN	0	0	0	0	0	0	0	0	0	0.0204081632653061	0.0727272727272727
N33T	0	0.5	0	0	0	0	NaN	0	0	0	0	0	0	0	0	0	0	0
V36A	0	0	0	0	0	0	NaN	0	0	0	0	0	0	0	0.0166666666666667	0.0384615384615385	0	0
V36A	0	0	0	0	0	0	NaN	0	0	0	0	0	0	0	0	0	0.102040816326531	0.0181818181818182
V36A	0	0	0	0	0	0	NaN	0	0	0	0	0	0.0298507462686567	0	0	0	0	0
V36A	0	0	0	0	0	0	NaN	0	0	0	0.0350877192982456	0	0	0	0	0	0	0
I37T	0	0	0	0	0	0	NaN	0	0	0	0	0	0	0	0	0	0.0204081632653061	0.0181818181818182
I37T	0	0	0	0	0	0	NaN	0	0	0	0	0	0.0298507462686567	0.0540540540540541	0.0833333333333333	0.153846153846154	0.102040816326531	0.0181818181818182
T37I	0	0	0	0	0	0	NaN	0	0	0	0	0	0.0149253731343284	0.027027027027027	0.0333333333333333	0.0384615384615385	0	0
I37M	0	0	0	0	0	0	NaN	0	0	0	0	0	0.0149253731343284	0.0540540540540541	0.0333333333333333	0	0	0
I37T	0	0	0	0	0	0	NaN	0	0	0	0	0	0	0	0.05	0	0	0
I37T	0	0	0	0	0	0	NaN	0	0	0	0	0	0.0447761194029851	0.027027027027027	0.0666666666666667	0.0384615384615385	0	0.0181818181818182
I37T	0	0	0	0	0	0	NaN	0	0	0	0	0	0	0	0	0	0.102040816326531	0.0181818181818182
I37M	0	0	0	0	0	0	NaN	0	0	0.0769230769230769	0	0	0	0	0	0	0	0
I37T	0	0	0	0	0	0	NaN	0	0	0	0	0	0.0149253731343284	0	0	0.0384615384615385	0	0
I43M	0	0	0	0	0	0	NaN	0	0	0	0	0	0	0	0	0	0	0.0909090909090909
I43T	0	0	0	0	0	0	NaN	0	0	0.0384615384615385	0	0.024390243902439	0	0	0	0	0	0
I43T	0.285714285714286	0	0	0	0	0	NaN	0	0	0	0	0	0	0	0	0	0	0
I44T	0	0	0	0	0	0	NaN	0	0	0	0	0	0	0	0.0333333333333333	0	0	0
I44T	0	0	0	0	0	0	NaN	0	0	0.0769230769230769	0.0175438596491228	0	0.0149253731343284	0.027027027027027	0.0833333333333333	0.0384615384615385	0.0408163265306122	0.0727272727272727
I44L	0	0	0	0	0	0	NaN	0	0	0	0	0	0	0	0.0166666666666667	0.0384615384615385	0	0
E45K	0	0	0	0	0	0	NaN	0	0.133333333333333	0.153846153846154	0.403508771929825	0.292682926829268	0.149253731343284	0.351351351351351	0.05	0.153846153846154	0	0
I48T	0	0	0	0	0	0	NaN	0	0.0666666666666667	0.0384615384615385	0.0350877192982456	0.0487804878048781	0.223880597014925	0.27027027027027	0.483333333333333	0.615384615384615	0.836734693877551	0.890909090909091
I48T	0	0	0	0	0	0	NaN	0	0	0	0	0.0731707317073171	0	0	0	0	0	0
I48T	0	0	0	0	0	0	NaN	0	0	0	0	0	0	0	0	0	0.102040816326531	0.0181818181818182
I48T	0	0	0	0	0	0	NaN	0	0	0	0.0350877192982456	0	0	0	0	0	0	0
E50K	0	0	0	0	0.75	0	NaN	0.5	0.866666666666667	0.807692307692308	0.596491228070175	0.609756097560976	0.791044776119403	0.621621621621622	0.8	0.769230769230769	0.693877551020408	0.363636363636364
K50R	0	0	0	0	0	0	NaN	0	0	0	0	0	0	0	0.0333333333333333	0.0384615384615385	0.306122448979592	0.618181818181818
K50N	0	0	0	0	0	0	NaN	0	0	0	0	0.0731707317073171	0	0	0	0	0	0
K50E	0	0	0	0	0	0	NaN	0	0	0	0	0.024390243902439	0.0597014925373134	0.027027027027027	0.0666666666666667	0.0384615384615385	0	0.0181818181818182
V52M	0	0	0	0	0	0	NaN	0	0.0666666666666667	0	0.0350877192982456	0.0975609756097561	0.0895522388059701	0.0810810810810811	0.133333333333333	0	0	0
T55N	0	0	0	0	0	0	NaN	0	0	0	0	0.0487804878048781	0	0	0	0	0	0
T55A	0	0	0	0	0	0	NaN	0	0	0	0.263157894736842	0.268292682926829	0.0746268656716418	0.324324324324324	0	0.0769230769230769	0	0
T55A	0	0	0	0	0	0	NaN	0	0	0	0	0	0	0	0.05	0	0	0
T57I	0.285714285714286	0	0	0	0	0	NaN	0	0	0	0	0	0	0	0	0	0	0
I59V	0	0	0	0	0	0	NaN	0	0	0	0	0.024390243902439	0.0149253731343284	0	0	0	0	0
K61R	0	0	0	0	0	0	NaN	0	0	0	0	0	0	0	0	0.0384615384615385	0	0.0909090909090909
I63K	0	0	0	0	0.25	0	NaN	0.5	0.866666666666667	0.807692307692308	0.596491228070175	0.707317073170732	0.850746268656716	0.648648648648649	0.866666666666667	0.846153846153846	1	1
K63E	0	0	0	0	0	0	NaN	0	0	0	0	0	0	0	0.0333333333333333	0	0	0
I63M	0	0	0	0	0	0	NaN	0	0	0	0.0350877192982456	0	0.0298507462686567	0.189189189189189	0	0.0384615384615385	0	0
M63I	0	0	0	0	0	0	NaN	0	0	0	0	0	0	0.0540540540540541	0	0	0	0
M63I	0	0	0	0	0	0	NaN	0	0	0	0	0.024390243902439	0	0.027027027027027	0	0	0	0
L67P	0	0	0	0	0	0	NaN	0	0	0	0	0	0	0	0	0	0.0408163265306122	0
L67Q	0	0	0	0	0	0	NaN	0	0	0	0.0175438596491228	0.024390243902439	0.104477611940299	0.027027027027027	0.0166666666666667	0	0	0
A68V	0	0	0	0	0	0	NaN	0	0	0	0	0	0	0	0.0833333333333333	0	0	0
A68S	0	0	0	0	0	0	NaN	0	0	0	0	0	0.0298507462686567	0	0.05	0.0384615384615385	0	0
E69K	0	0	0	0	0	0	NaN	0	0	0	0	0	0	0	0.0333333333333333	0	0	0
N72T	0	0	0	0	0	0	NaN	0	0	0	0	0	0	0	0.05	0	0	0
N72S	0	0	0	0	0	0	NaN	0	0.2	0.0769230769230769	0.245614035087719	0.463414634146341	0.373134328358209	0.243243243243243	0.116666666666667	0.0769230769230769	0.0204081632653061	0
S72N	0	0	0	0	0	0	NaN	0	0	0	0.0350877192982456	0.0975609756097561	0.0895522388059701	0.0810810810810811	0.133333333333333	0	0	0
K75M	0	0	0	0	0	0	NaN	0	0	0	0	0	0	0	0	0	0.0408163265306122	0
K79R	0	0	0	0	0	0	NaN	0	0	0	0	0	0	0	0	0.0384615384615385	0.306122448979592	0.618181818181818
T81A	0	0	0	0	0	0	NaN	0	0	0	0.0350877192982456	0	0	0	0	0	0	0
D113E	0	0	0	0	0	0	NaN	0	0	0	0	0	0	0	0.05	0	0	0
N127D	0	0	0	0	0	0	NaN	0	0	0	0	0	0.0149253731343284	0.108108108108108	0.166666666666667	0.269230769230769	0.551020408163265	0.745454545454545
D133N	0	0	0	0	0	0	NaN	0	0	0	0	0	0.0149253731343284	0.108108108108108	0.166666666666667	0.269230769230769	0.551020408163265	0.745454545454545
D133N	0	0	0	0	0	0	NaN	0	0	0	0	0	0.0298507462686567	0	0	0	0	0
D133N	0	0	0	0	0	0	NaN	0	0	0	0	0	0.0298507462686567	0	0	0	0	0
D133N	0	0	0	0	0	0	NaN	0	0	0	0	0	0.0895522388059701	0.027027027027027	0	0	0	0
D133G	0	0	0	0	0	0	NaN	0	0	0	0	0	0	0	0.0166666666666667	0	0.0408163265306122	0.0727272727272727
D133N	0	0	0	0	0.25	0	NaN	0	0.0666666666666667	0	0	0	0	0	0	0	0	0
V135F	0	0	0	0	0.25	0	NaN	0.5	0.866666666666667	0.807692307692308	0.596491228070175	0.707317073170732	0.850746268656716	0.648648648648649	0.9	0.846153846153846	1	1
I151V	0	0	0	0	0	0	NaN	0	0	0.115384615384615	0.0701754385964912	0	0	0	0	0	0	0
I151V	0	0	0	0.5	0	1	NaN	0	0	0.0384615384615385	0	0	0	0	0.05	0	0	0
L155V	0	0	0	0	0.25	0	NaN	0	0.0666666666666667	0	0	0	0	0	0	0	0	0
W164G	0	0	0	0	0	0	NaN	0	0	0	0	0	0	0.0540540540540541	0	0	0	0
W164G	0	0	0	0	0	0	NaN	0	0	0	0	0	0.0149253731343284	0	0.0333333333333333	0	0	0
K173R	0	0	0.333333333333333	0.5	0	1	NaN	0	0.133333333333333	0.192307692307692	0.403508771929825	0.292682926829268	0.149253731343284	0.351351351351351	0.1	0.153846153846154	0	0
K185E	0	0	0	0	0.5	0	NaN	0.5	0.866666666666667	0.807692307692308	0.596491228070175	0.707317073170732	0.850746268656716	0.648648648648649	0.9	0.807692307692308	0.918367346938776	0.763636363636364
E185K	0	0	0	0	0	0	NaN	0	0	0	0	0	0	0	0	0	0	0.127272727272727
E185K	0	0	0	0	0	0	NaN	0	0	0	0	0	0	0	0	0	0.0204081632653061	0.109090909090909
E185K	0	0	0	0	0	0	NaN	0	0	0	0	0	0	0	0	0	0.0408163265306122	0
E185K	0	0	0	0	0	0	NaN	0	0	0	0	0	0	0	0	0.0384615384615385	0.0204081632653061	0
K185E	0	0	0	0	0.25	0	NaN	0	0	0	0	0	0	0	0	0	0	0
E185N	0.142857142857143	0	0.333333333333333	0.5	0	1	NaN	0	0.133333333333333	0.153846153846154	0.403508771929825	0.292682926829268	0.149253731343284	0.351351351351351	0.05	0.153846153846154	0	0
N185D	0	0	0	0	0	0	NaN	0	0	0.0384615384615385	0	0	0	0	0.05	0	0	0
R196K	0	0	0	0	0	0	NaN	0	0	0	0	0	0	0	0	0	0.102040816326531	0
V198A	0	0	0	0	0	0	NaN	0	0	0	0	0.0731707317073171	0.0597014925373134	0.027027027027027	0	0.0384615384615385	0	0
G202V	0	0	0	0	0	0	NaN	0	0	0	0	0	0	0	0	0	0	0.0363636363636364
G202V	0	0	0	0	0	0	NaN	0	0	0	0	0	0	0	0.05	0.0769230769230769	0.122448979591837	0
K207R	0	0	0	0	0	0	NaN	0	0	0	0	0	0	0	0	0.115384615384615	0	0
K207R	0	0	0	0	0	0	NaN	0	0	0	0	0	0	0.0540540540540541	0	0	0	0
K207R	0	0	0	0	0	0	NaN	0	0	0	0.0175438596491228	0.121951219512195	0.0447761194029851	0.0540540540540541	0	0.0384615384615385	0	0
K207Q	0.285714285714286	0	0	0	0	0	NaN	0	0	0	0	0	0	0	0	0	0	0
T224A	0	0	0	0	0	0	NaN	0	0	0	0.0175438596491228	0.0487804878048781	0	0	0	0	0	0
M227V	0	0	0.333333333333333	0.5	0	1	NaN	0	0	0.0384615384615385	0	0	0	0	0.05	0	0	0
R235I	0.571428571428571	0.5	0.666666666666667	1	0.25	1	NaN	0	0.133333333333333	0.192307692307692	0.403508771929825	0.292682926829268	0.149253731343284	0.351351351351351	0.0833333333333333	0.115384615384615	0	0
I235T	0	0	0	0	0	0	NaN	0	0	0	0	0	0	0	0.0166666666666667	0.0384615384615385	0	0
K239R	0	0	0	0	0	0	NaN	0	0	0	0	0	0	0	0	0	0	0.2
K239R	0	0	0	0	0	0	NaN	0	0	0	0	0	0.0149253731343284	0.027027027027027	0.116666666666667	0	0	0
E244V	0	0	0	0	0	0	NaN	0	0	0	0	0.0487804878048781	0	0	0	0	0	0
I249V	0	0	0	0	0	0	NaN	0	0	0	0.0701754385964912	0	0.0298507462686567	0	0.0166666666666667	0.0769230769230769	0.102040816326531	0.0181818181818182
I249V	0.857142857142857	0.5	1	1	0.25	1	NaN	0	0.133333333333333	0.192307692307692	0.403508771929825	0.292682926829268	0.149253731343284	0.351351351351351	0.1	0.153846153846154	0	0
I251V	0	0	0	0	0	0	NaN	0	0	0	0	0	0.0298507462686567	0.027027027027027	0	0	0	0
L255I	0	0	0	0	0.25	0	NaN	0.5	0.866666666666667	0.615384615384615	0.578947368421053	0.585365853658537	0.701492537313433	0.567567567567568	0.683333333333333	0.769230769230769	0.959183673469388	0.909090909090909
I255M	0	0	0	0	0	0	NaN	0	0	0	0	0	0.0149253731343284	0	0.0166666666666667	0	0	0
I255V	0	0	0	0	0	0	NaN	0	0	0	0	0.0975609756097561	0	0	0	0	0	0
I255R	0	0	0	0	0	0	NaN	0	0	0	0	0	0	0	0.0333333333333333	0	0	0
I255V	0	0	0	0	0	0	NaN	0	0	0	0	0	0.0298507462686567	0.027027027027027	0	0	0	0
V255I	0	0	0	0	0	0	NaN	0	0	0	0	0	0.0149253731343284	0	0.0166666666666667	0	0	0
I255V	0	0	0	0	0	0	NaN	0	0	0.192307692307692	0.0175438596491228	0.024390243902439	0.0895522388059701	0.0540540540540541	0.15	0.0769230769230769	0.0408163265306122	0.0909090909090909
L255S	0	0	0	0	0	0	NaN	0	0	0.0384615384615385	0.0350877192982456	0	0	0	0	0	0	0
S257N	0	0	0	0	0	0	NaN	0	0	0	0	0	0	0	0	0	0	0.0363636363636364
S257N	0	0	0	0	0	0	NaN	0	0	0	0	0	0	0	0	0.0384615384615385	0.0204081632653061	0
V261I	0.285714285714286	0	0	0	0	0	NaN	0	0	0	0	0	0	0	0	0	0	0
Y270S	0	0	0	0	0	0	NaN	0	0	0	0	0	0	0	0.0333333333333333	0	0	0
G272S	0	0	0	0	0	0	NaN	0	0	0.0769230769230769	0	0	0.0149253731343284	0	0	0	0	0
V293I	0	0	0	0	0	0	NaN	0	0	0	0	0	0	0	0.0333333333333333	0	0	0
D295N	0	0	0	0	0	0	NaN	0	0	0	0	0	0	0	0.0166666666666667	0	0.0204081632653061	0
V299I	0	0	0	0	0	0	NaN	0	0	0	0	0	0.0298507462686567	0.0540540540540541	0.133333333333333	0.0769230769230769	0.0612244897959184	0.109090909090909
I299T	0	0	0	0	0	0	NaN	0	0	0	0	0	0	0	0.0333333333333333	0.0769230769230769	0.122448979591837	0.0181818181818182
V299D	0	0	0	0	0	0	NaN	0	0	0	0	0	0	0	0.05	0.0769230769230769	0.0204081632653061	0
V299A	0	0	0	0	0	0	NaN	0	0	0	0	0	0	0.027027027027027	0.0666666666666667	0.0384615384615385	0	0
V299I	0	0	0	0	0	0	NaN	0	0	0	0	0	0.0298507462686567	0	0	0.0384615384615385	0	0
I299M	0	0	0	0	0	0	NaN	0	0	0	0	0	0	0	0.0166666666666667	0.0384615384615385	0.102040816326531	0.0181818181818182
V299G	0	0	0	0	0	0	NaN	0	0	0	0	0.0487804878048781	0	0	0	0	0	0
V299A	0.428571428571429	0.5	0.333333333333333	0	0	0	NaN	0	0	0	0	0	0	0	0	0	0	0
S301R	0	0	0	0	0	0	NaN	0	0	0	0	0	0.0298507462686567	0.243243243243243	0	0.0384615384615385	0	0
V303M	0	0	0	0	0	0	NaN	0	0	0	0.0175438596491228	0	0.0298507462686567	0	0.05	0.0384615384615385	0	0
K314I	0	0	0	0	0	0	NaN	0	0	0	0	0	0	0	0	0.0384615384615385	0	0.0909090909090909
K314I	0	0	0	0	0	0	NaN	0	0	0	0	0	0	0	0.0666666666666667	0	0	0
D315G	0	0	0	0	0	0	NaN	0	0	0	0	0	0	0	0	0.115384615384615	0	0
D315G	0	0	0	0	0	0	NaN	0	0	0	0	0	0.0149253731343284	0	0.0166666666666667	0.0384615384615385	0	0
R317I	0	0	0	0	0	0	NaN	0.5	0	0	0	0	0	0	0	0	0	0
I317K	0	0	0	0	0	0	NaN	0	0.8	0.769230769230769	0.596491228070175	0.707317073170732	0.850746268656716	0.648648648648649	0.9	0.846153846153846	1	1
R317K	0	0	0	0	0	0	NaN	0	0	0	0.0175438596491228	0	0.0447761194029851	0.027027027027027	0	0.0384615384615385	0	0
S318T	0	0	0	0	0	0	NaN	0	0	0	0	0	0.0149253731343284	0.135135135135135	0	0	0	0
N325D	0	0	0	0	0	0	NaN	0	0	0	0	0	0.0298507462686567	0.027027027027027	0	0	0	0
N325Y	0	0	0	0	0	0	NaN	0	0	0	0.0350877192982456	0	0	0	0	0	0	0
N325D	0	0	0	0	0	0	NaN	0	0	0.0384615384615385	0.0350877192982456	0	0	0	0	0	0	0
N328D	0	0	0	0	0	0	NaN	0	0	0	0	0	0	0	0.0333333333333333	0	0	0
N328S	0	0	0	0	0	0	NaN	0	0	0.0769230769230769	0	0	0	0	0	0	0	0
