0	0	0	0	0	0	0	0	0	0	0	0	1	4	0	1	0	0	
0	0	0	0	0	0	0	0	0	0	0	0	0	0	3	0	0	0	
0	0	0	0	2	0	0	1	13	21	34	29	54	22	44	18	40	48	
0	0	0	0	0	0	0	0	0	0	0	0	3	2	9	1	9	2	
0	0	0	0	0	0	0	0	0	0	0	0	0	0	1	2	0	0	
0	0	0	0	0	0	0	0	0	0	0	0	0	0	0	1	0	5	
0	0	0	0	0	0	0	0	0	0	0	0	1	1	0	0	0	0	
0	0	0	0	1	0	0	1	13	21	34	25	56	23	53	22	49	55	
0	0	0	0	0	0	0	0	0	0	0	4	0	0	0	0	0	0	
0	0	0	0	0	0	0	0	0	0	0	0	1	1	1	0	0	0	
0	0	0	0	0	0	0	0	0	0	0	1	1	0	0	0	0	0	
0	0	0	0	0	0	0	0	2	4	23	12	10	13	3	4	0	0	
0	0	0	0	0	0	0	0	0	0	0	0	0	0	3	2	6	0	
2	0	0	0	0	0	0	0	0	0	0	0	0	0	0	0	0	0	
0	0	0	0	0	0	0	0	0	0	1	1	7	7	21	11	36	48	
0	0	0	0	0	0	0	0	0	0	0	0	0	0	0	1	1	0	
0	0	0	0	0	0	0	0	0	0	0	0	0	1	4	1	0	0	
0	0	0	0	0	0	0	0	0	0	0	0	0	0	3	0	0	0	
0	0	0	0	0	0	0	0	0	0	0	0	0	0	2	0	0	0	
0	0	0	0	0	0	0	0	0	0	0	0	2	9	0	1	0	0	
0	0	0	0	0	0	0	0	0	0	0	5	3	2	0	1	0	0	
0	0	0	0	0	1	0	0	0	1	0	0	0	0	3	0	0	0	
0	0	0	0	0	0	0	0	0	0	0	0	0	0	0	0	2	0	
0	0	0	0	0	0	0	0	0	0	0	0	0	0	2	1	0	0	
0	0	0	0	0	0	0	0	0	0	0	0	0	0	2	1	0	0	
0	0	0	0	0	0	0	0	0	0	0	4	1	0	0	0	0	0	
0	0	0	0	0	0	0	0	0	0	0	0	0	0	1	0	1	0	
0	0	0	0	0	0	0	0	0	0	0	0	0	0	0	0	2	0	
0	0	0	0	0	0	0	0	0	0	0	0	0	0	2	1	0	0	
0	0	0	0	0	0	0	0	0	0	0	0	0	1	5	0	0	0	
0	0	0	0	0	0	0	0	0	0	4	0	2	0	1	2	5	1	
0	0	0	0	0	0	0	0	0	0	1	1	1	0	0	0	0	0	
0	0	0	0	0	0	0	0	0	0	0	0	0	0	0	0	2	4	
0	0	0	0	0	0	0	0	0	0	17	12	8	13	0	3	0	0	
0	0	0	0	0	0	0	0	0	0	0	0	0	0	2	0	0	0	
0	0	0	0	1	0	0	1	13	21	34	29	55	24	51	21	49	55	
0	0	0	0	0	0	0	0	0	0	0	0	0	0	2	1	0	0	
0	0	0	0	0	0	0	0	0	0	0	0	2	0	1	0	0	0	
0	0	0	0	0	0	0	0	0	0	0	0	1	1	0	1	0	0	
0	0	0	0	0	0	0	0	0	2	1	0	1	1	5	1	2	4	
0	0	0	0	0	0	0	0	0	0	0	0	1	0	0	0	0	1	
0	0	0	0	0	0	0	0	0	0	0	0	0	0	4	1	0	0	
0	0	0	0	0	0	0	0	1	1	0	1	2	0	0	0	0	0	
0	0	0	0	0	0	0	0	12	20	34	29	55	24	54	22	49	52	
0	0	0	0	0	0	0	0	0	0	0	0	0	0	0	0	0	3	
0	0	0	0	0	0	0	0	0	0	0	0	2	0	0	0	0	0	
0	0	0	0	0	0	0	0	0	0	0	0	0	0	0	0	4	0	
0	0	0	0	0	0	0	0	0	0	0	0	1	5	0	0	0	0	
0	0	0	0	0	0	0	0	0	0	0	0	0	0	0	0	1	6	
0	0	0	0	0	0	0	0	0	0	0	0	3	0	0	0	0	0	
0	0	0	0	0	0	0	0	0	0	0	0	0	0	0	0	1	4	
0	3	0	0	0	0	0	0	0	0	0	0	0	0	0	0	0	0	
0	0	0	0	0	0	0	0	0	0	0	0	0	0	1	1	0	0	
0	0	0	0	0	0	0	0	0	0	0	0	0	0	0	0	5	1	
0	0	0	0	0	0	0	0	0	0	0	0	2	0	0	0	0	0	
0	0	0	0	0	0	0	0	0	0	2	0	0	0	0	0	0	0	
0	0	0	0	0	0	0	0	0	0	0	0	0	0	0	0	1	1	
0	0	0	0	0	0	0	0	0	0	0	0	2	2	5	4	5	1	
0	0	0	0	0	0	0	0	0	0	0	0	1	1	2	1	0	0	
0	0	0	0	0	0	0	0	0	0	0	0	1	2	2	0	0	0	
0	0	0	0	0	0	0	0	0	0	0	0	0	0	3	0	0	0	
0	0	0	0	0	0	0	0	0	0	0	0	3	1	4	1	0	1	
0	0	0	0	0	0	0	0	0	0	0	0	0	0	0	0	5	1	
0	0	0	0	0	0	0	0	0	2	0	0	0	0	0	0	0	0	
0	0	0	0	0	0	0	0	0	0	0	0	1	0	0	1	0	0	
0	0	0	0	0	0	0	0	0	0	0	0	0	0	0	0	0	5	
0	0	0	0	0	0	0	0	0	1	0	1	0	0	0	0	0	0	
2	0	0	0	0	0	0	0	0	0	0	0	0	0	0	0	0	0	
0	0	0	0	0	0	0	0	0	0	0	0	0	0	2	0	0	0	
0	0	0	0	0	0	0	0	0	2	1	0	1	1	5	1	2	4	
0	0	0	0	0	0	0	0	0	0	0	0	0	0	1	1	0	0	
0	0	0	0	0	0	0	0	2	4	23	12	10	13	3	4	0	0	
0	0	0	0	0	0	0	0	1	1	2	2	15	10	29	16	41	49	
0	0	0	0	0	0	0	0	0	0	0	3	0	0	0	0	0	0	
0	0	0	0	0	0	0	0	0	0	0	0	0	0	0	0	5	1	
0	0	0	0	0	0	0	0	0	0	2	0	0	0	0	0	0	0	
0	0	0	0	3	0	0	1	13	21	34	25	53	23	48	20	34	20	
0	0	0	0	0	0	0	0	0	0	0	0	0	0	2	1	15	34	
0	0	0	0	0	0	0	0	0	0	0	3	0	0	0	0	0	0	
0	0	0	0	0	0	0	0	0	0	0	1	4	1	4	1	0	1	
0	0	0	0	0	0	0	0	1	0	2	4	6	3	8	0	0	0	
0	0	0	0	0	0	0	0	0	0	0	2	0	0	0	0	0	0	
0	0	0	0	0	0	0	0	0	0	15	11	5	12	0	2	0	0	
0	0	0	0	0	0	0	0	0	0	0	0	0	0	3	0	0	0	
2	0	0	0	0	0	0	0	0	0	0	0	0	0	0	0	0	0	
0	0	0	0	0	0	0	0	0	0	0	1	1	0	0	0	0	0	
0	0	0	0	0	0	0	0	0	0	0	0	0	0	0	1	0	5	
0	0	0	0	1	0	0	1	13	21	34	29	57	24	52	22	49	55	
0	0	0	0	0	0	0	0	0	0	0	0	0	0	2	0	0	0	
0	0	0	0	0	0	0	0	0	0	2	0	2	7	0	1	0	0	
0	0	0	0	0	0	0	0	0	0	0	0	0	2	0	0	0	0	
0	0	0	0	0	0	0	0	0	0	0	1	0	1	0	0	0	0	
0	0	0	0	0	0	0	0	0	0	0	0	0	0	0	0	2	0	
0	0	0	0	0	0	0	0	0	0	1	1	7	1	1	0	0	0	
0	0	0	0	0	0	0	0	0	0	0	0	0	0	5	0	0	0	
0	0	0	0	0	0	0	0	0	0	0	0	2	0	3	1	0	0	
0	0	0	0	0	0	0	0	0	0	0	0	0	0	2	0	0	0	
0	0	0	0	0	0	0	0	0	0	0	0	0	0	3	0	0	0	
0	0	0	0	0	0	0	0	3	2	14	19	25	9	7	2	1	0	
0	0	0	0	0	0	0	0	0	0	2	4	6	3	8	0	0	0	
0	0	0	0	0	0	0	0	0	0	0	0	0	0	0	0	2	0	
0	0	0	0	0	0	0	0	0	0	0	0	0	0	0	1	15	34	
0	0	0	0	0	0	0	0	0	0	2	0	0	0	0	0	0	0	
0	0	0	0	0	0	0	0	0	0	0	0	0	0	3	0	0	0	
0	0	0	0	0	0	0	0	0	0	0	0	1	4	10	7	27	41	
0	0	0	0	0	0	0	0	0	0	0	0	1	4	10	7	27	41	
0	0	0	0	0	0	0	0	0	0	0	0	2	0	0	0	0	0	
0	0	0	0	0	0	0	0	0	0	0	0	2	0	0	0	0	0	
0	0	0	0	0	0	0	0	0	0	0	0	6	1	0	0	0	0	
0	0	0	0	0	0	0	0	0	0	0	0	0	0	1	0	2	4	
0	0	0	0	1	0	0	0	1	0	0	0	0	0	0	0	0	0	
0	0	0	0	1	0	0	1	13	21	34	29	57	24	54	22	49	55	
0	0	0	0	0	0	0	0	0	3	4	0	0	0	0	0	0	0	
0	0	0	1	0	1	0	0	0	1	0	0	0	0	3	0	0	0	
0	0	0	0	1	0	0	0	1	0	0	0	0	0	0	0	0	0	
0	0	0	0	0	0	0	0	0	0	0	0	0	2	0	0	0	0	
0	0	0	0	0	0	0	0	0	0	0	0	1	0	2	0	0	0	
0	0	1	1	0	1	0	0	2	5	23	12	10	13	6	4	0	0	
0	0	0	0	2	0	0	1	13	21	34	29	57	24	54	21	45	42	
0	0	0	0	0	0	0	0	0	0	0	0	0	0	0	0	0	7	
0	0	0	0	0	0	0	0	0	0	0	0	0	0	0	0	1	6	
0	0	0	0	0	0	0	0	0	0	0	0	0	0	0	0	2	0	
0	0	0	0	0	0	0	0	0	0	0	0	0	0	0	1	1	0	
0	0	0	0	1	0	0	0	0	0	0	0	0	0	0	0	0	0	
1	0	1	1	0	1	0	0	2	4	23	12	10	13	3	4	0	0	
0	0	0	0	0	0	0	0	0	1	0	0	0	0	3	0	0	0	
0	0	0	0	0	0	0	0	0	0	0	0	0	0	0	0	5	0	
0	0	0	0	0	0	0	0	0	0	0	3	4	1	0	1	0	0	
0	0	0	0	0	0	0	0	0	0	0	0	0	0	0	0	0	2	
0	0	0	0	0	0	0	0	0	0	0	0	0	0	3	2	6	0	
0	0	0	0	0	0	0	0	0	0	0	0	0	0	0	3	0	0	
0	0	0	0	0	0	0	0	0	0	0	0	0	2	0	0	0	0	
0	0	0	0	0	0	0	0	0	0	1	5	3	2	0	1	0	0	
2	0	0	0	0	0	0	0	0	0	0	0	0	0	0	0	0	0	
0	0	0	0	0	0	0	0	0	0	1	2	0	0	0	0	0	0	
0	0	1	1	0	1	0	0	0	1	0	0	0	0	3	0	0	0	
4	3	2	2	1	1	0	0	2	5	23	12	10	13	5	3	0	0	
0	0	0	0	0	0	0	0	0	0	0	0	0	0	1	1	0	0	
0	0	0	0	0	0	0	0	0	0	0	0	0	0	0	0	0	11	
0	0	0	0	0	0	0	0	0	0	0	0	1	1	7	0	0	0	
0	0	0	0	0	0	0	0	0	0	0	2	0	0	0	0	0	0	
0	0	0	0	0	0	0	0	0	0	4	0	2	0	1	2	5	1	
6	3	3	2	1	1	0	0	2	5	23	12	10	13	6	4	0	0	
0	0	0	0	0	0	0	0	0	0	0	0	2	1	0	0	0	0	
0	0	0	0	1	0	0	1	13	16	33	24	47	21	41	20	47	50	
0	0	0	0	0	0	0	0	0	0	0	0	1	0	1	0	0	0	
0	0	0	0	0	0	0	0	0	0	0	4	0	0	0	0	0	0	
0	0	0	0	0	0	0	0	0	0	0	0	0	0	2	0	0	0	
0	0	0	0	0	0	0	0	0	0	0	0	2	1	0	0	0	0	
0	0	0	0	0	0	0	0	0	0	0	0	1	0	1	0	0	0	
0	0	0	0	0	0	0	0	0	5	1	1	6	2	9	2	2	5	
0	0	0	0	0	0	0	0	0	1	2	0	0	0	0	0	0	0	
0	0	0	0	0	0	0	0	0	0	0	0	0	0	0	0	0	2	
0	0	0	0	0	0	0	0	0	0	0	0	0	0	0	1	1	0	
2	0	0	0	0	0	0	0	0	0	0	0	0	0	0	0	0	0	
0	0	0	0	0	0	0	0	0	0	0	0	0	0	2	0	0	0	
0	0	0	0	0	0	0	0	0	2	0	0	1	0	0	0	0	0	
0	0	0	0	0	0	0	0	0	0	0	0	0	0	2	0	0	0	
0	0	0	0	0	0	0	0	0	0	0	0	0	0	1	0	1	0	
0	0	0	0	0	0	0	0	0	0	0	0	2	2	8	2	3	6	
0	0	0	0	0	0	0	0	0	0	0	0	0	0	2	2	6	1	
0	0	0	0	0	0	0	0	0	0	0	0	0	0	3	2	1	0	
0	0	0	0	0	0	0	0	0	0	0	0	0	1	4	1	0	0	
0	0	0	0	0	0	0	0	0	0	0	0	2	0	0	1	0	0	
0	0	0	0	0	0	0	0	0	0	0	0	0	0	1	1	5	1	
0	0	0	0	0	0	0	0	0	0	0	2	0	0	0	0	0	0	
3	3	1	0	0	0	0	0	0	0	0	0	0	0	0	0	0	0	
0	0	0	0	0	0	0	0	0	0	0	0	2	9	0	1	0	0	
0	0	0	0	0	0	0	0	0	0	1	0	2	0	3	1	0	0	
0	0	0	0	0	0	0	0	0	0	0	0	0	0	0	1	0	5	
0	0	0	0	0	0	0	0	0	0	0	0	0	0	4	0	0	0	
0	0	0	0	0	0	0	0	0	0	0	0	0	0	0	3	0	0	
0	0	0	0	0	0	0	0	0	0	0	0	1	0	1	1	0	0	
0	0	0	0	0	0	0	1	0	0	0	0	0	0	0	0	0	0	
0	0	0	0	0	0	0	0	12	20	34	29	57	24	54	22	49	55	
0	0	0	0	0	0	0	0	0	0	1	0	3	1	0	1	0	0	
0	0	0	0	0	0	0	0	0	0	0	0	1	5	0	0	0	0	
0	0	0	0	0	0	0	0	0	0	0	0	2	1	0	0	0	0	
0	0	0	0	0	0	0	0	0	0	2	0	0	0	0	0	0	0	
0	0	0	0	0	0	0	0	0	1	2	0	0	0	0	0	0	0	
0	0	0	0	0	0	0	0	0	0	0	0	0	0	2	0	0	0	
0	0	0	0	0	0	0	0	0	2	0	0	0	0	0	0	0	0	
