0	0	0	0	0	0	0	0	0	0	0	0	0	1	0	1	0	0	
0	0	0	0	0	0	0	0	0	0	0	0	0	1	1	0	0	0	
0	0	0	1	0	0	4	1	0	0	0	0	0	0	0	0	0	0	
0	0	0	0	0	0	0	0	0	0	0	0	1	1	0	0	0	0	
0	0	0	0	0	0	0	0	0	2	0	0	0	0	0	0	0	0	
0	0	0	0	0	0	0	0	0	0	0	0	0	0	0	1	0	3	
0	0	0	0	0	0	0	0	0	0	0	1	1	0	0	0	0	0	
0	0	0	0	0	0	1	0	1	0	0	0	0	0	0	0	0	0	
0	0	1	1	1	11	15	12	24	16	9	9	11	11	9	6	10	9	
0	0	0	0	0	0	0	1	3	9	17	17	29	6	17	10	11	10	
0	0	1	1	2	0	0	0	0	0	0	0	0	0	0	0	0	0	
0	0	0	0	0	0	0	0	0	0	0	0	0	0	0	0	2	1	
0	0	0	0	0	0	0	0	0	0	0	0	2	0	0	0	0	0	
0	0	0	0	0	0	0	0	0	0	0	0	0	0	1	5	5	7	
0	0	0	0	0	0	0	0	0	0	0	0	2	0	0	0	0	0	
0	0	0	0	0	0	0	0	0	0	0	2	1	0	2	0	0	0	
0	0	0	0	0	0	0	0	0	0	0	0	0	0	2	2	5	4	
0	0	0	0	0	0	0	0	0	0	0	1	0	0	0	0	0	1	
0	0	0	0	0	0	0	0	0	0	0	0	0	0	0	0	2	1	
0	0	0	0	0	0	0	0	0	0	0	0	0	1	2	0	0	0	
0	0	0	0	0	0	0	0	0	2	3	3	0	0	0	0	0	0	
0	0	0	0	0	0	0	0	0	0	0	0	0	0	3	1	1	1	
0	0	0	0	0	0	0	0	0	0	0	0	1	1	0	0	0	0	
0	0	0	0	0	0	0	1	3	9	15	15	25	5	14	8	10	8	
0	0	0	0	0	0	0	0	0	0	1	1	1	0	3	1	1	1	
0	0	0	0	0	0	0	1	0	2	3	3	0	0	0	0	0	0	
0	0	0	0	0	4	8	1	1	0	0	0	0	0	0	0	0	0	
0	0	0	0	0	0	0	0	0	0	0	0	0	2	1	0	1	1	
0	0	2	0	0	0	0	0	0	0	0	0	0	0	0	0	0	0	
0	0	0	0	0	0	0	0	1	0	0	1	1	0	0	0	0	0	
0	0	0	0	1	9	14	13	25	24	24	23	37	10	16	11	11	10	
0	0	0	0	0	0	0	0	0	0	0	0	0	0	2	0	0	0	
0	0	0	0	0	0	0	0	0	0	0	0	0	0	2	0	0	0	
0	0	0	1	0	0	4	1	0	0	0	0	0	0	0	0	0	0	
0	0	0	0	0	0	0	0	0	0	0	0	0	0	0	0	0	3	
0	0	0	0	0	0	0	0	0	0	0	0	0	0	0	0	1	1	
0	0	0	0	0	0	0	0	0	0	0	1	1	0	0	0	0	0	
0	0	0	0	0	0	0	0	0	0	0	0	0	0	0	0	1	1	
0	0	0	0	0	0	0	0	0	0	0	1	1	0	0	0	0	0	
0	0	0	0	0	0	0	0	0	2	3	3	0	0	0	0	0	0	
0	0	0	0	0	0	0	0	0	0	0	0	0	1	0	0	2	1	
0	0	0	0	0	0	0	0	0	0	0	2	1	0	1	0	0	0	
0	0	0	0	0	0	0	0	0	0	0	0	0	5	1	1	1	2	
0	0	0	1	0	0	4	1	0	0	0	0	0	0	1	0	0	0	
0	0	1	1	2	0	0	0	0	0	0	0	0	0	0	0	0	0	
0	0	0	0	1	0	0	0	0	0	0	0	0	0	0	0	0	1	
0	0	0	0	0	0	0	0	0	0	0	0	0	0	1	2	3	4	
0	0	0	0	0	0	0	0	0	3	5	11	16	5	13	8	10	8	
0	0	0	0	0	0	0	0	0	1	1	0	0	0	0	0	0	0	
0	0	0	0	0	0	0	0	3	2	0	0	0	1	0	0	0	0	
0	0	0	0	0	0	0	0	0	0	0	2	1	0	2	0	0	0	
0	0	0	0	0	0	0	0	0	0	0	0	0	0	0	0	2	1	
0	0	1	1	2	0	0	0	0	0	0	0	0	0	0	0	0	0	
0	0	0	0	0	2	1	1	12	11	17	18	29	6	18	10	11	10	
0	0	0	0	0	0	0	0	0	0	0	0	2	1	0	0	0	0	
0	0	0	0	0	0	0	0	0	0	0	0	0	0	0	0	2	1	
0	0	0	1	0	0	0	0	0	0	0	0	0	0	1	0	0	0	
0	0	0	0	0	0	4	1	0	0	0	0	0	0	0	0	0	0	
0	0	0	0	0	0	0	0	0	2	0	0	0	0	0	0	0	0	
0	0	0	0	0	0	0	0	0	0	0	0	2	1	0	0	0	0	
0	0	0	0	0	0	0	0	0	0	0	0	0	0	0	0	1	1	
0	0	0	0	0	0	0	0	0	0	0	0	0	3	1	0	1	1	
0	0	0	0	0	0	0	0	0	0	0	0	0	0	1	3	0	0	
0	0	0	0	0	0	1	1	3	5	2	1	3	2	0	0	0	0	
0	0	0	0	0	0	0	0	0	0	0	0	0	0	0	0	0	2	
0	0	5	2	4	0	1	0	1	0	0	0	1	1	0	0	0	1	
0	0	0	1	0	0	4	2	0	0	0	0	0	0	1	0	0	0	
0	0	0	0	0	0	0	0	0	0	1	0	2	0	0	0	0	0	
0	0	0	0	0	0	0	2	0	0	0	0	0	0	0	0	0	0	
0	0	0	0	0	0	0	0	0	0	0	2	1	0	2	0	0	0	
0	0	0	0	0	0	0	0	0	0	0	0	2	0	0	0	0	0	
0	0	0	0	0	0	0	0	0	0	0	0	2	1	0	0	0	0	
0	0	0	0	0	4	6	1	1	0	0	0	0	0	0	0	0	0	
0	0	0	0	0	0	0	0	0	0	0	0	0	0	2	0	0	0	
0	0	1	1	1	11	15	13	27	25	26	26	40	17	26	16	21	19	
0	0	0	0	0	0	0	0	0	0	0	0	2	1	0	0	0	0	
0	0	0	0	0	0	0	0	0	0	1	0	2	0	0	0	0	0	
0	0	0	0	0	0	0	0	0	0	0	1	0	1	0	0	0	0	
0	0	1	1	1	11	15	13	24	24	26	23	29	15	21	13	19	18	
0	0	0	0	0	0	0	0	0	0	0	1	10	0	5	3	0	0	
0	0	0	0	0	0	0	0	0	0	0	2	1	1	0	0	2	1	
0	0	0	0	0	0	0	0	3	0	0	0	0	0	0	0	0	0	
0	0	0	0	0	0	0	0	0	1	0	0	0	1	0	0	0	0	
0	0	0	0	0	0	0	0	2	4	5	12	18	5	13	8	10	8	
0	0	0	0	0	0	0	0	0	0	0	0	0	0	0	0	2	0	
0	0	2	0	0	0	0	0	0	0	0	0	1	1	0	0	0	0	
0	0	0	0	0	0	0	0	0	0	0	1	0	0	0	0	0	1	
0	0	0	0	0	0	0	0	0	0	0	0	0	0	0	0	1	1	
0	0	0	0	0	0	0	0	0	0	0	0	2	0	0	0	0	0	
0	0	0	0	0	0	0	1	1	1	0	0	0	0	0	0	0	0	
0	0	1	1	2	0	0	0	0	0	0	0	0	0	0	0	0	0	
0	0	1	1	1	0	0	0	0	0	0	0	0	0	0	0	0	0	
0	0	0	0	0	0	1	0	2	1	2	3	3	2	7	4	7	6	
0	0	0	0	0	0	0	0	0	0	0	0	2	1	0	0	0	0	
0	0	1	1	1	0	0	0	0	0	0	0	0	0	0	0	0	0	
0	0	0	0	0	0	0	0	0	0	3	10	14	5	12	5	9	2	
0	0	0	0	0	0	0	0	0	0	0	0	0	0	0	3	1	6	
0	0	0	0	0	0	0	0	0	0	1	0	1	0	0	1	0	0	
0	0	0	0	0	0	0	0	1	1	0	0	0	1	0	0	0	0	
0	0	0	0	0	0	0	1	0	1	0	0	0	0	0	0	0	0	
0	0	0	0	0	0	1	0	2	1	2	3	3	7	8	5	10	9	
0	0	0	0	0	0	0	0	0	0	0	0	1	1	0	0	0	0	
0	0	0	0	0	0	0	0	0	0	0	0	0	1	2	0	0	0	
0	0	0	0	0	0	0	0	0	0	0	0	0	0	0	0	1	1	
0	0	0	0	0	0	0	0	0	0	0	0	0	5	1	1	3	3	
0	0	0	0	1	0	0	0	0	0	0	0	0	0	0	0	0	1	
0	0	0	0	0	0	0	0	0	0	0	0	1	1	0	0	0	0	
0	0	0	0	0	0	0	2	0	0	0	0	0	0	0	0	0	0	
0	0	0	0	0	0	0	0	0	0	0	0	2	0	0	0	0	0	
0	0	0	0	0	0	0	0	0	0	0	0	0	1	0	0	2	1	
0	0	0	0	0	0	0	0	0	0	0	0	1	0	0	0	2	0	
0	0	0	0	0	0	0	0	0	0	2	2	0	0	0	0	0	0	
0	0	0	0	0	0	0	0	0	0	0	1	1	0	1	0	0	0	
0	0	0	1	0	0	4	1	0	0	0	0	0	0	0	0	0	0	
0	0	0	0	0	0	0	0	0	0	0	0	3	0	3	0	0	0	
0	0	0	0	0	0	0	0	0	0	0	1	4	0	2	3	0	0	
0	0	0	0	0	0	0	0	0	0	0	0	0	0	0	0	1	1	
0	0	0	0	0	0	0	0	0	0	0	0	2	0	0	0	0	0	
0	0	0	0	0	0	0	0	0	0	0	0	1	0	0	0	0	0	
0	0	0	0	0	0	0	0	0	0	2	0	0	0	0	0	0	0	
0	0	0	0	0	0	0	0	0	0	0	0	2	0	0	0	0	0	
0	0	0	0	0	0	0	0	0	0	0	1	0	0	0	0	0	1	
0	0	0	0	0	0	1	1	0	0	0	0	0	0	0	0	0	0	
0	0	0	0	0	0	0	0	2	4	2	0	2	1	0	0	0	0	
0	0	0	0	0	0	0	0	0	0	0	1	0	1	0	0	0	0	
0	0	0	0	0	0	1	0	1	1	0	0	1	0	0	0	0	0	
0	0	0	0	0	0	0	4	4	1	0	0	0	0	0	1	0	0	
0	0	0	0	0	0	0	0	0	1	0	0	0	1	0	0	0	0	
0	0	0	1	0	0	1	0	2	1	1	3	1	6	6	5	9	8	
0	0	0	0	0	0	0	0	0	0	1	0	1	0	0	0	0	0	
0	0	0	0	0	0	0	0	0	0	0	0	1	0	1	0	0	0	
0	0	0	0	0	0	0	0	0	0	0	0	0	1	1	0	1	1	
0	0	0	1	0	0	4	1	0	0	0	0	0	0	1	0	0	0	
0	0	0	0	1	0	0	0	0	0	0	0	0	0	0	0	0	1	
0	0	0	0	0	0	0	0	0	0	0	0	1	1	0	0	0	0	
0	0	2	0	0	0	0	0	0	0	0	0	0	0	0	0	0	0	
0	0	0	0	0	0	0	0	0	0	0	0	0	0	0	3	3	7	
0	0	0	0	0	0	0	0	3	0	0	0	0	0	0	0	0	0	
0	0	0	0	0	0	0	0	0	0	0	0	2	1	0	0	0	0	
0	0	0	0	0	0	0	0	1	2	0	0	0	0	0	0	0	0	
0	0	2	0	0	0	0	0	0	0	0	0	0	0	0	0	0	0	
0	0	0	0	0	0	0	0	0	0	0	1	1	0	0	0	0	0	
0	0	0	0	0	0	1	0	1	0	0	0	0	0	0	0	0	0	
0	0	0	0	0	0	0	0	0	0	0	0	0	2	0	1	2	2	
0	0	0	0	0	0	0	0	0	0	0	0	0	3	1	0	1	1	
0	0	0	0	0	0	0	0	0	0	0	0	1	1	0	0	0	0	
0	0	1	1	1	0	0	0	0	0	0	0	0	0	0	0	0	0	
0	0	0	0	0	0	0	0	0	0	0	0	0	0	0	1	0	3	
0	0	1	1	2	0	0	0	0	0	0	0	0	0	0	0	0	0	
0	0	0	0	0	0	0	0	0	0	0	0	1	1	0	0	0	0	
0	0	0	0	0	0	0	0	0	4	2	1	2	2	0	0	0	0	
0	0	0	0	0	0	0	0	0	0	0	1	1	0	0	0	0	0	
0	0	0	0	0	0	0	0	0	0	0	1	1	2	5	4	7	6	
0	0	0	1	0	0	4	1	0	0	0	0	0	0	0	0	0	0	
0	0	3	1	1	0	0	0	0	0	0	0	1	1	0	0	0	0	
0	0	0	0	0	0	0	0	0	0	0	0	0	0	0	0	1	1	
0	0	0	1	0	0	1	0	2	1	2	3	3	7	8	5	10	9	
0	0	1	1	1	0	0	0	0	0	0	0	0	0	0	0	0	0	
0	0	0	0	0	0	0	0	0	0	1	0	1	0	0	1	0	0	
0	0	0	0	0	0	0	0	0	0	0	0	0	0	0	0	1	1	
0	0	1	2	3	0	4	2	0	0	0	0	0	0	1	0	0	1	
0	0	0	0	0	0	1	0	1	0	0	0	0	0	0	0	0	0	
0	0	0	0	0	0	0	0	0	0	0	0	2	0	0	0	0	0	
0	0	0	0	0	0	0	0	0	0	0	0	0	0	0	0	1	1	
0	0	0	1	0	0	1	0	2	1	2	3	3	7	8	5	10	9	
0	0	0	0	0	0	0	0	0	0	0	0	0	0	0	0	1	1	
0	0	0	0	0	0	0	2	0	0	0	0	0	0	0	0	0	0	
0	0	1	1	0	0	1	0	2	1	2	3	3	7	8	5	10	9	
0	0	0	0	0	0	0	0	0	0	0	0	0	0	0	0	1	1	
0	0	0	0	0	0	0	0	0	0	0	1	1	0	0	0	0	0	
0	0	0	0	0	0	0	0	0	0	0	0	0	0	1	5	5	7	
0	0	0	0	0	0	1	0	2	1	2	3	3	2	7	4	7	6	
0	0	0	0	0	0	0	0	0	0	0	0	1	1	0	0	0	0	
0	0	0	0	1	4	8	2	1	2	3	3	0	0	0	0	0	0	
0	0	0	0	0	0	0	0	0	0	0	1	4	0	3	3	0	0	
0	0	0	0	0	0	2	0	0	0	0	0	0	0	0	0	0	0	
0	0	0	0	0	0	0	0	3	0	0	0	0	0	0	0	0	0	
0	0	0	0	0	0	0	0	0	0	3	10	14	5	13	8	10	8	
0	0	0	0	0	0	0	0	0	0	1	0	1	0	0	1	0	0	
0	0	0	0	0	0	0	1	1	1	0	0	0	0	0	0	0	0	
0	0	0	0	0	0	1	0	1	0	0	0	0	0	0	0	0	0	
0	0	0	0	0	0	0	0	0	0	0	0	0	0	1	5	5	7	
0	0	0	0	0	0	0	0	0	0	0	0	0	3	1	0	1	1	
0	0	0	0	0	0	0	0	0	0	0	0	1	1	0	0	0	0	
0	0	0	0	0	0	0	0	0	0	2	0	0	0	1	0	0	0	
0	0	0	0	0	0	0	0	0	0	0	0	0	0	1	2	0	1	
0	0	0	0	0	0	0	0	0	0	0	0	0	3	1	0	1	1	
0	0	0	0	0	0	0	0	0	0	0	0	0	0	0	0	2	1	
0	0	0	0	0	0	0	0	0	0	0	0	0	0	0	0	2	0	
0	0	0	0	0	0	0	0	0	0	0	1	1	2	5	4	7	6	
0	0	0	1	0	0	1	0	2	1	2	3	3	7	8	5	10	9	
0	0	0	0	0	0	0	0	0	0	0	0	1	1	0	0	0	0	
0	0	0	0	0	0	0	0	0	0	0	0	1	0	1	5	5	7	
0	0	0	0	0	0	0	0	0	0	0	1	0	0	0	0	0	1	
0	0	0	0	1	4	8	2	1	2	3	3	0	0	0	0	0	0	
0	0	0	0	0	0	0	0	0	0	0	0	0	5	1	1	3	3	
0	0	0	0	0	0	0	0	0	0	0	0	1	1	0	0	0	0	
0	0	0	0	0	0	0	0	0	0	0	0	0	0	0	0	1	1	
0	0	0	0	0	0	0	0	3	2	0	0	0	1	0	0	0	0	
0	0	2	0	0	0	0	0	0	0	0	0	0	0	0	0	0	0	
0	0	0	0	0	0	0	0	0	1	0	0	1	0	0	0	0	0	
0	0	0	0	0	0	0	1	0	1	0	0	0	0	0	0	0	0	
0	0	0	0	0	0	0	0	0	0	0	0	0	0	0	0	2	1	
0	0	0	1	0	0	4	2	0	0	0	0	0	0	1	0	0	0	
0	0	0	0	1	0	0	0	0	0	0	0	0	0	0	0	0	1	
