L1I	0	NaN	0	0	0	0	0	0	0	0	0	0	0	0.0555555555555556	0	0.0625	0	0
I2V	0	NaN	0	0	0	0	0	0	0	0	0	0	0	0.0555555555555556	0.037037037037037	0	0	0
I2M	0	NaN	0	0.25	0	0	0.2	0.0666666666666667	0	0	0	0	0	0	0	0	0	0
I3T	0	NaN	0	0	0	0	0	0	0	0	0	0	0.024390243902439	0.0555555555555556	0	0	0	0
T5L	0	NaN	0	0	0	0	0	0	0	0.08	0	0	0	0	0	0	0	0
T5S	0	NaN	0	0	0	0	0	0	0	0	0	0	0	0	0	0.0625	0	0.15
F8L	0	NaN	0	0	0	0	0	0	0	0	0	0.0384615384615385	0.024390243902439	0	0	0	0	0
F8L	0	NaN	0	0	0	0	0.05	0	0.0357142857142857	0	0	0	0	0	0	0	0	0
I12V	0	NaN	0.166666666666667	0.25	0.2	1	0.75	0.8	0.857142857142857	0.64	0.346153846153846	0.346153846153846	0.268292682926829	0.611111111111111	0.333333333333333	0.375	0.476190476190476	0.45
V12I	0	NaN	0	0	0	0	0	0.0666666666666667	0.107142857142857	0.36	0.653846153846154	0.653846153846154	0.707317073170732	0.333333333333333	0.62962962962963	0.625	0.523809523809524	0.5
I12V	0	NaN	0.166666666666667	0.25	0.4	0	0	0	0	0	0	0	0	0	0	0	0	0
V16L	0	NaN	0	0	0	0	0	0	0	0	0	0	0	0	0	0	0.0952380952380952	0.05
T17I	0	NaN	0	0	0	0	0	0	0	0	0	0	0.0487804878048781	0	0	0	0	0
V19I	0	NaN	0	0	0	0	0	0	0	0	0	0	0	0	0.037037037037037	0.3125	0.238095238095238	0.35
V19I	0	NaN	0	0	0	0	0	0	0	0	0	0	0.0487804878048781	0	0	0	0	0
T20K	0	NaN	0	0	0	0	0	0	0	0	0	0.0769230769230769	0.024390243902439	0	0.0740740740740741	0	0	0
L21F	0	NaN	0	0	0	0	0	0	0	0	0	0	0	0	0.0740740740740741	0.125	0.238095238095238	0.2
K24N	0	NaN	0	0	0	0	0	0	0	0	0	0.0384615384615385	0	0	0	0	0	0.05
K24R	0	NaN	0	0	0	0	0	0	0	0	0	0	0	0	0	0	0.0952380952380952	0.05
Q25R	0	NaN	0	0	0	0	0	0	0	0	0	0	0	0.0555555555555556	0.0740740740740741	0	0	0
Q25R	0	NaN	0	0	0	0	0	0	0	0.08	0.115384615384615	0.115384615384615	0	0	0	0	0	0
H26D	0	NaN	0	0	0	0	0	0	0	0	0	0	0	0	0.111111111111111	0.0625	0.0476190476190476	0.05
H26Y	0	NaN	0	0	0	0	0	0	0	0	0	0	0.024390243902439	0.0555555555555556	0	0	0	0
D27N	0	NaN	0	0	0	0	0	0.0666666666666667	0.107142857142857	0.36	0.576923076923077	0.576923076923077	0.609756097560976	0.277777777777778	0.518518518518518	0.5	0.476190476190476	0.4
N27D	0	NaN	0	0	0	0	0	0	0	0	0.0384615384615385	0.0384615384615385	0.024390243902439	0	0.111111111111111	0.0625	0.0476190476190476	0.05
D27N	0	NaN	0	0	0	0	0	0.0666666666666667	0	0.08	0.115384615384615	0.115384615384615	0	0	0	0	0	0
N27D	0	NaN	0	0	0	0.363636363636364	0.4	0.0666666666666667	0.0357142857142857	0	0	0	0	0	0	0	0	0
D27N	0	NaN	0	0	0	0	0	0	0	0	0	0	0	0.111111111111111	0.037037037037037	0	0.0476190476190476	0.05
D27N	0	NaN	0.333333333333333	0	0	0	0	0	0	0	0	0	0	0	0	0	0	0
C28Y	0	NaN	0	0	0	0	0	0	0.0357142857142857	0	0	0.0384615384615385	0.024390243902439	0	0	0	0	0
N29D	0	NaN	0	0	0.2	0.818181818181818	0.7	0.866666666666667	0.892857142857143	0.96	0.923076923076923	0.884615384615385	0.902439024390244	0.555555555555556	0.592592592592593	0.6875	0.523809523809524	0.5
D29N	0	NaN	0	0	0	0	0	0	0	0	0	0	0	0	0.0740740740740741	0	0	0
N29K	0	NaN	0	0	0	0	0	0	0	0	0	0	0	0	0.0740740740740741	0	0	0
N29K	0	NaN	0	0.25	0	0	0.2	0.0666666666666667	0	0	0	0	0	0	0	0	0	0
S30P	0	NaN	0	0	0	0	0	0	0	0	0	0	0	0	0	0	0	0.15
S30P	0	NaN	0	0	0	0	0	0	0	0	0	0	0	0	0	0	0.0476190476190476	0.05
S30P	0	NaN	0	0	0	0	0	0	0	0	0	0.0384615384615385	0.024390243902439	0	0	0	0	0
S30P	0	NaN	0	0	0	0	0	0	0	0	0	0	0	0	0	0	0.0476190476190476	0.05
S31F	0	NaN	0	0	0	0	0	0	0	0	0	0.0384615384615385	0.024390243902439	0	0	0	0	0
S31F	0	NaN	0	0	0	0	0	0	0	0.08	0.115384615384615	0.115384615384615	0	0	0	0	0	0
P32S	0	NaN	0	0	0	0	0	0	0	0	0	0	0	0.0555555555555556	0	0	0.0952380952380952	0.05
P32S	0	NaN	0	0	0	0	0	0	0	0	0	0.0769230769230769	0.024390243902439	0	0.037037037037037	0	0	0
P32L	0	NaN	0	0	0	0	0	0	0	0	0	0	0	0.277777777777778	0.037037037037037	0.0625	0.0476190476190476	0.1
P32L	0	NaN	0	0.25	0	0	0.2	0.0666666666666667	0	0	0	0	0	0	0.037037037037037	0	0	0
P32L	0	NaN	0.166666666666667	0.25	0.4	0	0	0	0	0	0	0	0	0	0	0	0	0
P32S	0	NaN	0	0	0.2	0	0	0	0	0	0	0	0	0	0	0	0	0.05
N33S	0	NaN	0	0	0	0	0	0	0	0	0	0	0	0	0.037037037037037	0.125	0.142857142857143	0.2
Q35H	0	NaN	0	0	0	0	0	0	0	0.12	0.192307692307692	0.423076923076923	0.390243902439024	0.277777777777778	0.481481481481481	0.5	0.476190476190476	0.4
Q35R	0	NaN	0	0	0	0	0	0	0	0.04	0.0384615384615385	0	0	0	0	0	0	0
V36A	0	NaN	0	0	0	0	0	0	0.107142857142857	0.08	0	0	0	0.0555555555555556	0	0	0	0
M37I	0	NaN	0	0	0	0	0	0	0	0	0	0.0769230769230769	0.024390243902439	0	0.0740740740740741	0	0	0
M37I	0	NaN	0	0	0	0	0	0	0	0	0	0	0	0	0	0	0.0952380952380952	0.05
M37K	0	NaN	0.166666666666667	0.25	0.4	0	0	0	0	0	0	0	0	0	0	0	0	0
L38F	0	NaN	0	0	0	0.181818181818182	0.05	0.0666666666666667	0.428571428571429	0.44	0.653846153846154	0.692307692307692	0.707317073170732	0.333333333333333	0.666666666666667	0.625	0.523809523809524	0.5
F38I	0	NaN	0	0	0	0	0	0	0	0	0	0	0.0487804878048781	0.0555555555555556	0	0	0	0
L38F	0	NaN	0	0	0	0	0	0	0	0	0	0	0	0	0	0	0.0952380952380952	0.05
L38R	0	NaN	0	0.25	0	0	0	0	0	0	0	0	0	0	0.037037037037037	0	0	0
R38Q	0	NaN	0	0	0	0	0.2	0.0666666666666667	0	0	0	0	0	0	0	0	0	0
T42K	0	NaN	0	0	0	0	0	0	0	0.08	0	0	0	0	0	0	0	0
I43V	0	NaN	0	0	0	0	0	0	0	0	0	0	0.0487804878048781	0.0555555555555556	0	0	0	0
I43V	0	NaN	0	0	0	0	0	0	0	0	0	0	0	0	0	0	0.0476190476190476	0.05
I43V	0	NaN	0	0	0	0	0	0	0	0	0	0	0	0.166666666666667	0.037037037037037	0	0.0476190476190476	0.05
I44V	0	NaN	0	0	0	0	0	0	0	0	0	0	0	0	0.037037037037037	0.1875	0	0
K48R	0	NaN	0	0	0	0	0.05	0.0666666666666667	0.107142857142857	0.2	0.0769230769230769	0.0384615384615385	0.0731707317073171	0.111111111111111	0	0	0	0
K48R	0	NaN	0	0	0	0	0	0	0	0	0	0	0	0	0	0	0	0.1
K48T	0	NaN	0.833333333333333	0.5	0.8	0	0.05	0	0.0357142857142857	0	0	0	0.024390243902439	0.0555555555555556	0	0	0	0.05
T48I	0	NaN	0	0.25	0	0	0.2	0.133333333333333	0	0	0	0	0	0	0.037037037037037	0	0	0
T49M	0	NaN	0	0	0	0	0	0	0	0	0.0384615384615385	0	0.0487804878048781	0	0	0	0	0
E50R	0	NaN	0	0	0	0	0	0.133333333333333	0	0	0	0	0	0	0	0	0	0
L54M	0	NaN	0	0	0	0	0	0	0	0	0	0.0769230769230769	0.024390243902439	0	0.0740740740740741	0	0	0
T55I	0	NaN	0	0	0	0	0	0	0	0	0	0	0.0487804878048781	0	0	0	0	0
N56K	0	NaN	0	0	0	0	0	0	0	0	0	0	0.0487804878048781	0.0555555555555556	0	0	0	0
T57I	0	NaN	0	0	0	0.363636363636364	0.3	0.0666666666666667	0.0357142857142857	0	0	0	0	0	0	0	0	0
T57I	0	NaN	0	0	0	0	0	0	0	0	0	0	0	0	0.0740740740740741	0	0	0
I59V	0	NaN	0.166666666666667	0.25	0.2	1	0.75	0.866666666666667	0.964285714285714	1	1	1	0.975609756097561	0.944444444444444	0.962962962962963	1	1	0.95
E60D	0	NaN	0	0	0	0	0	0	0	0	0	0	0.0487804878048781	0.0555555555555556	0	0	0	0
I63T	0	NaN	0	0	0	0	0	0	0	0	0.0384615384615385	0	0.0487804878048781	0	0	0	0	0
K66N	0	NaN	0	0	0	0	0	0	0	0	0	0.0384615384615385	0	0.0555555555555556	0	0	0	0
L67P	0	NaN	0.166666666666667	0.25	0.2	1	0.75	0.866666666666667	0.857142857142857	0.96	1	0.884615384615385	0.707317073170732	0.833333333333333	0.777777777777778	0.8125	0.904761904761905	0.9
P67S	0	NaN	0	0	0	0	0	0	0	0	0	0.0384615384615385	0.24390243902439	0	0.185185185185185	0.1875	0	0
S67T	0	NaN	0	0	0	0	0	0	0	0	0	0.0769230769230769	0.024390243902439	0.0555555555555556	0	0	0.0952380952380952	0.05
P67T	0	NaN	0	0	0	0	0	0	0.107142857142857	0	0	0	0	0	0	0	0	0
P67T	0	NaN	0	0	0	0	0	0	0	0.04	0	0	0	0.0555555555555556	0	0	0	0
A68T	0	NaN	0	0	0	0	0	0	0.0714285714285714	0.16	0.192307692307692	0.461538461538462	0.439024390243902	0.277777777777778	0.481481481481481	0.5	0.476190476190476	0.4
A68V	0	NaN	0	0	0	0	0	0	0	0	0	0	0	0	0	0	0.0952380952380952	0
E69K	0	NaN	0.333333333333333	0	0	0	0	0	0	0	0	0	0.024390243902439	0.0555555555555556	0	0	0	0
N72K	0	NaN	0	0	0	0	0	0	0	0	0	0.0384615384615385	0	0	0	0	0	0.05
S74L	0	NaN	0	0	0	0	0	0	0	0	0	0	0	0	0	0	0.0476190476190476	0.05
N79S	0	NaN	0	0	0	0	0	0	0	0	0	0	0.0487804878048781	0	0	0	0	0
N79D	0	NaN	0	0	0	0	0	0.0666666666666667	0.0357142857142857	0.04	0	0	0	0	0	0	0	0
N79K	0	NaN	0.166666666666667	0.25	0.4	0	0	0	0	0	0	0	0	0	0	0	0	0
N79D	0	NaN	0.166666666666667	0.25	0.2	0	0	0	0	0	0	0	0	0	0	0	0	0
T81A	0	NaN	0	0	0	0	0.05	0	0.0714285714285714	0.04	0.0769230769230769	0.115384615384615	0.0731707317073171	0.111111111111111	0.259259259259259	0.25	0.333333333333333	0.3
K88R	0	NaN	0	0	0	0	0	0	0	0	0	0	0.0487804878048781	0.0555555555555556	0	0	0	0
S95A	0	NaN	0.166666666666667	0.25	0.2	0	0	0	0	0	0	0	0	0	0	0	0	0
P112H	0	NaN	0	0	0	0	0	0	0	0	0.115384615384615	0.384615384615385	0.341463414634146	0.277777777777778	0.444444444444444	0.3125	0.428571428571429	0.1
H112Q	0	NaN	0	0	0	0	0	0	0	0	0	0	0	0	0	0.1875	0.0476190476190476	0.3
P112S	0	NaN	0	0	0	0	0	0	0	0	0.0384615384615385	0	0.024390243902439	0	0	0.0625	0	0
P112S	0	NaN	0	0	0	0	0	0	0.0357142857142857	0.04	0	0	0	0.0555555555555556	0	0	0	0
S112P	0	NaN	0	0	0	0	0	0.0666666666666667	0	0.04	0	0	0	0	0	0	0	0
P112L	0	NaN	0	0	0	0	0.05	0	0.0714285714285714	0.04	0.0769230769230769	0.115384615384615	0.0731707317073171	0.388888888888889	0.296296296296296	0.3125	0.476190476190476	0.45
P112L	0	NaN	0	0	0	0	0	0	0	0	0	0	0.024390243902439	0.0555555555555556	0	0	0	0
K114R	0	NaN	0	0	0	0	0	0	0	0	0	0	0	0.0555555555555556	0.0740740740740741	0	0	0
L126V	0	NaN	0	0	0	0	0	0	0	0	0	0	0	0	0	0	0.0476190476190476	0.05
G129R	0	NaN	0	0	0	0	0	0	0	0	0	0	0	0.277777777777778	0.037037037037037	0.0625	0.142857142857143	0.15
G129R	0	NaN	0	0	0.2	0	0	0	0	0	0	0	0	0	0	0	0	0.05
G129V	0	NaN	0	0	0	0	0	0	0	0	0	0	0.024390243902439	0.0555555555555556	0	0	0	0
D133G	0	NaN	0	0	0	0	0	0.133333333333333	0	0	0	0	0	0	0	0	0	0
I162V	0	NaN	0	0	0	0	0	0	0	0	0	0	0.0487804878048781	0	0	0	0	0
H170Y	0	NaN	0	0	0	0	0	0	0	0	0	0	0	0.0555555555555556	0	0	0.0952380952380952	0.05
H170Y	0	NaN	0	0	0	0	0	0	0	0	0	0	0.024390243902439	0	0	0	0.0952380952380952	0
H170Y	0	NaN	0	0	0	0	0	0	0	0	0.0769230769230769	0.0769230769230769	0	0	0	0	0	0
V178I	0	NaN	0	0	0	0	0	0	0	0	0	0.0384615384615385	0.024390243902439	0	0.037037037037037	0	0	0
D183N	0	NaN	0	0.25	0	0	0.2	0.0666666666666667	0	0	0	0	0	0	0	0	0	0
K185E	0	NaN	0	0	0	0	0	0	0	0	0	0	0.0731707317073171	0	0.111111111111111	0	0	0
E185K	0	NaN	0	0	0	0	0	0	0	0	0	0.0384615384615385	0.0975609756097561	0	0.0740740740740741	0.1875	0	0
K185N	0	NaN	0	0	0	0	0	0	0	0	0	0	0	0	0	0	0.0476190476190476	0.05
K185G	0	NaN	0	0	0	0	0	0	0	0	0	0	0.0487804878048781	0	0	0	0	0
K185N	0	NaN	0	0	0	0	0	0	0	0	0	0	0.024390243902439	0	0	0	0	0
N185E	0	NaN	0	0	0	0	0	0	0	0	0.0769230769230769	0	0	0	0	0	0	0
K185E	0	NaN	0	0	0	0	0	0	0	0	0	0	0.0487804878048781	0	0	0	0	0
K185E	0	NaN	0	0	0	0	0	0	0	0	0	0.0384615384615385	0	0	0	0	0	0.05
K185E	0	NaN	0	0	0	0	0.05	0.0666666666666667	0	0	0	0	0	0	0	0	0	0
E185G	0	NaN	0	0	0	0	0	0	0.0714285714285714	0.16	0.0769230769230769	0	0.0487804878048781	0.0555555555555556	0	0	0	0
G185R	0	NaN	0	0	0	0	0	0	0	0	0	0.0384615384615385	0	0.0555555555555556	0	0	0	0
E185K	0	NaN	0	0	0	0	0.05	0	0.0357142857142857	0.04	0	0	0.024390243902439	0	0	0	0	0
K185R	0	NaN	0	0	0	0	0	0.266666666666667	0.142857142857143	0.04	0	0	0	0	0	0.0625	0	0
R185G	0	NaN	0	0	0	0	0	0	0	0.04	0	0	0	0.0555555555555556	0	0	0	0
K185E	0	NaN	0	0.25	0	0	0.05	0	0.0714285714285714	0.04	0.0384615384615385	0.115384615384615	0.024390243902439	0.333333333333333	0.222222222222222	0.3125	0.428571428571429	0.4
E185G	0	NaN	0	0	0	0	0	0	0	0	0.0384615384615385	0	0.024390243902439	0	0	0	0	0
E185K	0	NaN	0	0	0	0	0	0	0	0	0	0	0.024390243902439	0	0.037037037037037	0	0	0
E185K	0	NaN	0	0	0	0	0	0	0	0	0	0	0	0.0555555555555556	0.037037037037037	0	0.0476190476190476	0.05
K185N	0	NaN	0	0.25	0	0	0.2	0.0666666666666667	0	0	0	0	0	0	0.037037037037037	0	0	0
K185N	0	NaN	0	0	0.2	0	0	0	0	0	0	0	0	0	0	0	0	0.05
K185E	0	NaN	0	0	0	0	0	0	0	0	0	0	0.024390243902439	0.0555555555555556	0	0	0	0
E185N	0	NaN	0.333333333333333	0	0	0	0	0	0	0	0	0	0	0	0	0	0	0
F191L	0	NaN	0	0	0	0	0	0	0	0	0	0	0	0	0	0.1875	0.142857142857143	0.35
G195E	0	NaN	0	0	0	0	0	0	0.107142857142857	0	0	0	0	0	0	0	0	0
R196K	0	NaN	0	0	0	0	0	0	0	0	0	0	0.0487804878048781	0.0555555555555556	0	0	0	0
V198A	0	NaN	0	0	0	0	0	0	0.0357142857142857	0.08	0	0	0	0	0	0	0	0
V198I	0	NaN	0.333333333333333	0	0	0	0	0	0	0	0	0	0	0	0	0	0	0
K206R	0	NaN	0	0	0	0	0	0	0	0	0	0.0384615384615385	0.024390243902439	0	0	0	0	0
K206N	0	NaN	0	0	0	0	0.05	0	0.0357142857142857	0	0	0	0	0	0	0	0	0
N207K	0	NaN	0	0	0	0	0	0	0	0	0	0	0	0.111111111111111	0	0.0625	0.0952380952380952	0.1
K207N	0	NaN	0	0	0	0	0	0	0	0	0	0	0	0.166666666666667	0.037037037037037	0	0.0476190476190476	0.05
Q212H	0	NaN	0	0	0	0	0	0	0	0	0	0	0.024390243902439	0.0555555555555556	0	0	0	0
N220D	0	NaN	0.166666666666667	0.25	0.2	0	0	0	0	0	0	0	0	0	0	0	0	0
T222I	0	NaN	0	0	0	0	0	0	0	0	0	0	0	0	0	0.0625	0	0.15
T222I	0	NaN	0.166666666666667	0.25	0.4	0	0	0	0	0	0	0	0	0	0	0	0	0
T222I	0	NaN	0	0	0	0	0	0	0	0	0	0	0.024390243902439	0.0555555555555556	0	0	0	0
T224I	0	NaN	0	0	0	0	0	0	0	0.16	0.0769230769230769	0.0384615384615385	0.0487804878048781	0.111111111111111	0	0	0	0
M227I	0	NaN	0	0	0	0	0	0	0	0	0	0.0384615384615385	0.024390243902439	0	0	0	0	0
K239R	0	NaN	0	0	0	0	0	0	0	0	0	0.0384615384615385	0.024390243902439	0.111111111111111	0.185185185185185	0.25	0.333333333333333	0.3
I243V	0	NaN	0	0.25	0	0	0.2	0.0666666666666667	0	0	0	0	0	0	0	0	0	0
I243V	0	NaN	0.5	0.25	0.2	0	0	0	0	0	0	0	0.024390243902439	0.0555555555555556	0	0	0	0
E244K	0	NaN	0	0	0	0	0	0	0	0	0	0	0	0	0	0	0.0476190476190476	0.05
E244V	0	NaN	0	0.25	0	0	0.05	0	0.0714285714285714	0.04	0.0769230769230769	0.115384615384615	0.0731707317073171	0.388888888888889	0.296296296296296	0.3125	0.476190476190476	0.45
E244K	0	NaN	0.166666666666667	0.25	0.2	0	0	0	0	0	0	0	0	0	0	0	0	0
K247R	0	NaN	0	0	0	0	0	0	0	0	0.0384615384615385	0	0.024390243902439	0	0	0.0625	0	0
I248V	0	NaN	0	0	0	0	0	0	0	0	0	0	0	0	0	0	0.0476190476190476	0.05
I249V	0	NaN	0.166666666666667	0.5	0.6	0	0.2	0.133333333333333	0	0	0	0	0	0	0.037037037037037	0	0	0.05
V249A	0	NaN	0	0	0	0	0.05	0	0.0357142857142857	0	0	0	0	0	0	0	0	0
H250R	0	NaN	0	0	0	0	0	0	0	0	0	0	0.0487804878048781	0	0	0	0	0
I251V	0	NaN	0	0	0	0	0	0	0	0	0	0	0	0	0	0	0.0476190476190476	0.05
I251V	0	NaN	0	0.25	0	0	0.05	0	0.0714285714285714	0.04	0.0769230769230769	0.115384615384615	0.0731707317073171	0.388888888888889	0.296296296296296	0.3125	0.476190476190476	0.45
T253K	0	NaN	0	0	0	0	0	0	0	0	0	0	0	0	0	0	0.0476190476190476	0.05
T253K	0	NaN	0	0	0	0	0	0.133333333333333	0	0	0	0	0	0	0	0	0	0
T253K	0	NaN	0.166666666666667	0.25	0	0	0.05	0	0.0714285714285714	0.04	0.0769230769230769	0.115384615384615	0.0731707317073171	0.388888888888889	0.296296296296296	0.3125	0.476190476190476	0.45
S255L	0	NaN	0	0	0	0	0	0	0	0	0	0	0	0	0	0	0.0476190476190476	0.05
A258S	0	NaN	0	0	0	0	0	0	0	0	0	0.0384615384615385	0.024390243902439	0	0	0	0	0
P271S	0	NaN	0	0	0	0	0	0	0	0	0	0	0	0	0.037037037037037	0.3125	0.238095238095238	0.35
V276I	0	NaN	0	0	0	0	0.05	0	0.0714285714285714	0.04	0.0769230769230769	0.115384615384615	0.0731707317073171	0.111111111111111	0.259259259259259	0.25	0.333333333333333	0.3
K282R	0	NaN	0	0	0	0	0	0	0	0	0	0	0.024390243902439	0.0555555555555556	0	0	0	0
D295E	0	NaN	0	0	0.2	0.363636363636364	0.4	0.133333333333333	0.0357142857142857	0.08	0.115384615384615	0.115384615384615	0	0	0	0	0	0
Y296F	0	NaN	0	0	0	0	0	0	0	0	0	0.0384615384615385	0.0975609756097561	0	0.111111111111111	0.1875	0	0
Y296F	0	NaN	0	0	0	0	0.1	0	0	0	0	0	0	0	0	0	0	0
S297N	0	NaN	0	0	0	0	0	0	0.107142857142857	0	0	0	0	0	0	0	0	0
I298T	0	NaN	0	0	0	0	0	0	0	0	0.115384615384615	0.384615384615385	0.341463414634146	0.277777777777778	0.481481481481481	0.5	0.476190476190476	0.4
V299A	0	NaN	0	0	0	0	0	0	0	0	0.0384615384615385	0	0.024390243902439	0	0	0.0625	0	0
V299I	0	NaN	0	0	0	0	0	0.0666666666666667	0.0357142857142857	0.04	0	0	0	0	0	0	0	0
S301R	0	NaN	0	0	0	0	0.05	0	0.0357142857142857	0	0	0	0	0	0	0	0	0
V303I	0	NaN	0	0	0	0	0	0	0	0	0	0	0	0	0.037037037037037	0.3125	0.238095238095238	0.35
V303L	0	NaN	0	0	0	0	0	0	0	0	0	0	0	0.166666666666667	0.037037037037037	0	0.0476190476190476	0.05
V303M	0	NaN	0	0	0	0	0	0	0	0	0	0	0.024390243902439	0.0555555555555556	0	0	0	0
K314R	0	NaN	0	0	0	0	0	0	0	0	0.0769230769230769	0	0	0	0.037037037037037	0	0	0
K314R	0	NaN	0	0	0	0	0	0	0	0	0	0	0	0	0.037037037037037	0.125	0	0.05
N315T	0	NaN	0	0	0	0	0	0	0	0	0	0	0	0.166666666666667	0.037037037037037	0	0.0476190476190476	0.05
N315S	0	NaN	0	0	0	0	0	0	0	0	0	0	0	0	0	0	0.0952380952380952	0.05
S317K	0	NaN	0	0	0	0	0	0	0	0	0	0	0	0	0	0	0.0952380952380952	0
S317R	0	NaN	0	0	0	0	0	0	0	0	0	0.0384615384615385	0.024390243902439	0.111111111111111	0.185185185185185	0.25	0.333333333333333	0.3
F318L	0	NaN	0	0.25	0	0	0.05	0	0.0714285714285714	0.04	0.0769230769230769	0.115384615384615	0.0731707317073171	0.388888888888889	0.296296296296296	0.3125	0.476190476190476	0.45
S320R	0	NaN	0	0	0	0	0	0	0	0	0	0	0.024390243902439	0.0555555555555556	0	0	0	0
H322N	0	NaN	0	0	0	0	0	0	0	0	0	0	0.024390243902439	0	0.037037037037037	0.3125	0.238095238095238	0.35
H322N	0	NaN	0	0	0	0	0	0	0	0	0	0.0384615384615385	0	0	0	0	0	0.05
H322Y	0	NaN	0	0	0.2	0.363636363636364	0.4	0.133333333333333	0.0357142857142857	0.08	0.115384615384615	0.115384615384615	0	0	0	0	0	0
H322Y	0	NaN	0	0	0	0	0	0	0	0	0	0	0	0.277777777777778	0.037037037037037	0.0625	0.142857142857143	0.15
H322N	0	NaN	0	0	0	0	0	0	0	0	0	0	0.024390243902439	0.0555555555555556	0	0	0	0
L324I	0	NaN	0	0	0	0	0	0	0	0	0	0	0	0	0	0	0.0476190476190476	0.05
L324Q	0	NaN	0	0	0	0	0	0	0.107142857142857	0.08	0	0	0	0.0555555555555556	0	0	0	0
L324I	0	NaN	0.333333333333333	0	0	0	0	0	0	0	0	0	0	0	0	0	0	0
D325N	0	NaN	0	0	0	0	0	0	0	0.04	0	0	0.024390243902439	0	0	0	0	0
D325N	0	NaN	0	0	0	0	0	0.0666666666666667	0	0.04	0	0	0	0	0	0	0	0
D325N	0	NaN	0	0	0	0	0	0	0	0	0	0	0	0	0	0	0.0952380952380952	0.05
D325N	0	NaN	0	0.25	0	0	0.2	0.133333333333333	0	0	0	0	0	0	0.037037037037037	0	0	0
D325Y	0	NaN	0	0	0.2	0	0	0	0	0	0	0	0	0	0	0	0	0.05
