I9L	0	0.4	0	0.027027027027027	0.0333333333333333	0	0	0	0	0	0	0	0	NaN	0
M10T	0	0	0	0.0810810810810811	0	0	0	0	0	0	0	0	0	NaN	0
T20K	0	0.4	0	0.027027027027027	0	0	0	0	0	0	0	0	0	NaN	0
S29N	0	0	0	0	0	0	0	0.125	0	0	0	1	0	NaN	0
S29N	0	0.4	0	0.027027027027027	0.0333333333333333	0	0	0	0	0	0	0	0	NaN	0
P32S	0	0	0	0.027027027027027	0.0333333333333333	0	0	0	0	0	0	0	0	NaN	0
S32P	0	0.4	0	0	0	0	0	0	0	0	0	0	0	NaN	0
M37R	0	0	0.285714285714286	0	0	0	0	0	0	0	0	0	0	NaN	0
M37I	0	0.4	0	0.027027027027027	0.0333333333333333	0	0	0	0	0	0	0	0	NaN	0
I44V	0	0	0	0	0.0333333333333333	0	0	0.125	0	0	0	0	0	NaN	0
V51I	0	0.4	0	0.027027027027027	0.0333333333333333	0	0	0	0	0	0	0	0	NaN	0
V52M	0	0	0	0	0	0	0	0.25	0	0	0	0	0	NaN	0
N72I	0	0	0	0	0	0	0	0.125	0	0	0	1	0	NaN	0
P112H	0	0	0	0.0540540540540541	0	0	0	0	0	0	0	0	0	NaN	0
N113K	0	0	0	0	0.0333333333333333	0	0	0	0	0	0	0	0	NaN	0
K113D	0	0.4	0	0.027027027027027	0.0333333333333333	0	0	0	0	0	0	0	0	NaN	0
N127S	0	0.533333333333333	1	0.621621621621622	0.866666666666667	1	1	0.75	1	1	1	1	1	NaN	1
S127N	0	0	0	0	0	0	0	0.25	0	0	0	0	0	NaN	0
S127R	0	0	0	0.108108108108108	0	0	0	0	0	0	0	0	0	NaN	0
N127S	0	0	0	0.216216216216216	0.0666666666666667	0	0	0	0	0	0	0	0	NaN	0
D133G	0	0	0	0	0	0	0.5	0	0	0	0	0	0	NaN	0
D133N	0	0	0	0.027027027027027	0.0333333333333333	0	0	0	0	0	0	0	0	NaN	0
V151I	0	0	0	0	0	0.166666666666667	0.25	0.625	1	1	1	1	1	NaN	1
Y154H	0	0	0	0	0.0666666666666667	0	0	0	0	0	0	0	0	NaN	0
Y154H	0	0.4	0	0.027027027027027	0.0666666666666667	0	0	0	0	0	0	0	0	NaN	0
V178I	0	0	0	0.243243243243243	0.0666666666666667	0	0	0	0	0	0	0	0	NaN	0
I180V	0	0.4	0	0.027027027027027	0.0666666666666667	0	0	0	0	0	0	0	0	NaN	0
V198A	0	0.4	0	0.027027027027027	0	0	0	0	0	0	0	0	0	NaN	0
K207N	0	0	0	0	0.133333333333333	0	0	0	0	0	0	0	0	NaN	0
K207R	0	0.4	0	0	0	0	0	0	0	0	0	0	0	NaN	0
T224A	0	0	0	0.297297297297297	0.466666666666667	0.666666666666667	0.75	0.625	1	1	1	1	1	NaN	1
A224T	0	0	0	0.0540540540540541	0.0333333333333333	0	0	0	0	0	0	0	0	NaN	0
V226I	0	0.4	0	0.027027027027027	0	0	0	0	0	0	0	0	0	NaN	0
K235R	0	0.4	0	0.027027027027027	0.0666666666666667	0	0	0	0	0	0	0	0	NaN	0
K239R	0	0.4	0	0.027027027027027	0	0	0	0	0	0	0	0	0	NaN	0
I240V	0	0	0	0	0	0	0	0.5	1	1	1	0	1	NaN	1
I249A	0	0	0	0	0.0333333333333333	0	0	0	0	0	0	0	0	NaN	0
A249V	0	0.4	0	0.027027027027027	0	0	0	0	0	0	0	0	0	NaN	0
I251T	0	0.6	1	0.972972972972973	0.933333333333333	1	1	1	1	1	1	1	1	NaN	1
L255S	0	0.4	0	0.027027027027027	0.0333333333333333	0	0	0	0	0	0	0	0	NaN	0
V293I	0	0	0	0	0.133333333333333	0.666666666666667	0.75	0.625	1	1	1	1	1	NaN	1
D295N	0	0	0	0.243243243243243	0.0666666666666667	0	0	0	0	0	0	0	0	NaN	0
A299V	0	0.4	0	0.027027027027027	0.0666666666666667	0	0	0	0	0	0	0	0	NaN	0
M303V	0	0.4	0	0.027027027027027	0.0666666666666667	0	0	0	0	0	0	0	0	NaN	0
K314R	0	0	0	0.027027027027027	0.0333333333333333	0	0	0	0	0	0	0	0	NaN	0
N315D	0	0	0	0	0.0666666666666667	0	0	0	0	0	0	0	0	NaN	0
D315N	0	0.4	0	0.027027027027027	0	0	0	0	0	0	0	0	0	NaN	0
S320N	0	0.0666666666666667	0.142857142857143	0.0540540540540541	0.0333333333333333	0	0	0	0	0	0	0	0	NaN	0
