I8M	0	0	0	0	0	0	0	0	0	0	0	0	0	0	0	0.222222222222222	0	0
M8I	0	0	0	0	0	0	0	0	0	0	0	0	0	0	0.391304347826087	0	0.333333333333333	0.153846153846154
I8M	0	0	0	0	0	0	0	0	0	0	0	0	0	0.2	0	0	0	0
V13I	0	0	0	0	0	0	0	0	0	0	0	0	0.0555555555555556	0	0	0	0	0.0769230769230769
V13F	0	0.333333333333333	0	0.0476190476190476	0	0	0.0526315789473684	0	0.0555555555555556	0.0833333333333333	0	0	0	0	0	0	0	0
I16T	0	0	0	0	0	0	0	0	0	0	0	0	0	0.133333333333333	0.173913043478261	0.222222222222222	0.444444444444444	0.307692307692308
I17T	0	0	0.0714285714285714	0	0.037037037037037	0	0	0	0	0	0	0	0	0	0	0	0	0
I20V	0	0	0.0714285714285714	0	0.037037037037037	0	0	0	0	0	0	0	0	0	0	0	0	0
L22F	0.5	1	1	0.976190476190476	0.962962962962963	1	1	1	1	1	0.833333333333333	1	1	0.933333333333333	1	1	0.888888888888889	0.923076923076923
F22L	0	0	0	0	0	0	0	0	0	0	0	0	0	0	0	0	0.111111111111111	0.0769230769230769
F22L	0	0	0	0	0	0	0	0	0	0	0.166666666666667	0	0	0.0666666666666667	0	0	0	0
I26T	0	0	0.0714285714285714	0.119047619047619	0	0	0.0526315789473684	0	0	0	0	0	0	0	0	0	0	0
I26V	0	0	0	0	0	0.0833333333333333	0	0	0.111111111111111	0	0	0	0	0	0	0	0	0
I28T	0	0	0	0.119047619047619	0	0	0	0	0	0	0	0	0	0	0	0	0	0
V30I	0	0	0	0	0	0	0	0	0.111111111111111	0	0	0	0.0555555555555556	0	0	0	0	0
V30A	0	0	0	0	0.0740740740740741	0	0	0	0.0555555555555556	0	0	0	0	0	0	0	0	0
T32S	0	0	0	0	0.0740740740740741	0	0	0	0	0	0	0	0	0	0	0	0	0
T32N	0	0	0	0	0	0	0	0	0	0.0833333333333333	0.166666666666667	0.1	0	0.0666666666666667	0	0	0	0
T34K	0	0	0	0	0	0	0	0	0	0	0	0	0	0	0	0	0.111111111111111	0.230769230769231
Q39H	0	0	0	0	0	0	0	0	0	0	0.333333333333333	0	0	0	0	0	0	0
Q39K	0	0	0	0	0	0	0	0	0	0	0	0	0	0	0	0.222222222222222	0.111111111111111	0.230769230769231
H40Q	0	0	0	0	0	0	0.105263157894737	0	0.111111111111111	0.166666666666667	0.333333333333333	0	0.0555555555555556	0	0	0	0	0.0769230769230769
H40R	0	0	0	0	0	0	0	0	0	0	0	0	0	0.0666666666666667	0	0.111111111111111	0	0
N41D	0.5	1	1	0.976190476190476	0.962962962962963	1	1	1	1	1	1	1	1	1	1	0.777777777777778	0.888888888888889	0.769230769230769
D41N	0	0	0	0	0	0	0	0	0	0	0	0	0	0	0	0.222222222222222	0.111111111111111	0.230769230769231
Y42H	0	0	0	0	0	0	0	0	0	0	0.333333333333333	0	0	0	0	0	0	0
N43D	0	0.333333333333333	0	0	0	0	0.0526315789473684	0	0.0555555555555556	0.0833333333333333	0	0	0	0	0	0	0	0
S44P	0	0	0	0	0	0	0	0	0	0.0833333333333333	0	0.3	0	0.266666666666667	0.173913043478261	0.333333333333333	0.444444444444444	0.384615384615385
S44L	0	0	0	0	0	0	0	0	0	0	0.333333333333333	0	0	0	0	0	0	0
S44Y	0	0	0	0	0.0740740740740741	0	0	0	0.0555555555555556	0	0	0	0	0	0	0	0	0
S44F	0	0.333333333333333	0	0.0476190476190476	0	0	0.0526315789473684	0	0.0555555555555556	0.0833333333333333	0	0	0	0	0	0	0	0
P45L	0	0	0	0	0	0	0	0.125	0.111111111111111	0	0	0.2	0.277777777777778	0	0	0	0	0
P45S	0	0	0	0	0	0	0	0	0	0.0833333333333333	0	0.3	0	0.266666666666667	0.173913043478261	0.333333333333333	0.444444444444444	0.384615384615385
P45S	0	0	0	0	0	0	0	0	0	0	0.333333333333333	0	0	0	0	0	0	0
P45L	0	0	0	0	0	0	0	0	0	0	0	0	0	0	0	0.222222222222222	0.111111111111111	0.230769230769231
P45S	0	0	0	0	0	0	0	0	0	0	0	0.1	0.0555555555555556	0.0666666666666667	0	0	0	0
P46S	0	0	0	0	0	0	0	0	0	0	0	0	0	0	0	0	0	0.153846153846154
P46Q	0	0	0	0	0	0	0.0526315789473684	0.125	0.0555555555555556	0.25	0.333333333333333	0.4	0.333333333333333	0.133333333333333	0.0869565217391304	0	0	0
N47T	0	0	0	0	0	0	0	0	0	0	0	0	0	0.0666666666666667	0.0434782608695652	0	0	0
Q49L	0	0	0	0	0	0	0	0	0	0	0	0	0	0	0.0434782608695652	0	0.111111111111111	0.230769230769231
V50A	0.5	0.333333333333333	1	0.904761904761905	0.925925925925926	1	0.842105263157895	0.875	0.777777777777778	0.5	0.666666666666667	0.3	0.555555555555556	0.4	0.739130434782609	0.555555555555556	0.555555555555556	0.461538461538462
A50S	0	0	0	0	0	0	0	0	0	0	0	0	0.0555555555555556	0.2	0	0	0	0
A50T	0	0	0	0	0	0	0	0	0	0	0	0	0.0555555555555556	0	0	0.111111111111111	0	0.153846153846154
A50T	0	0	0	0	0	0	0	0	0.111111111111111	0	0	0	0	0	0	0	0	0
A50T	0	0	0	0	0	0	0	0	0	0.0833333333333333	0	0.3	0	0.266666666666667	0.173913043478261	0.333333333333333	0.444444444444444	0.384615384615385
M51I	0	0	0	0	0	0.0833333333333333	0	0	0	0	0	0.1	0.222222222222222	0.6	0.652173913043478	0.444444444444444	0.333333333333333	0.307692307692308
M51I	0	0	0	0	0	0	0.0526315789473684	0.25	0	0.0833333333333333	0	0	0	0	0	0	0	0
M51I	0	0	0	0	0	0	0	0	0	0	0	0.1	0.0555555555555556	0.0666666666666667	0	0	0	0
L52P	0	0	0	0	0	0	0	0	0	0	0	0	0.111111111111111	0	0	0	0	0
L52Q	0	0	0	0	0	0	0	0	0.0555555555555556	0.0833333333333333	0	0	0	0	0	0	0	0
E54K	0	0	0.0714285714285714	0.0476190476190476	0.0740740740740741	0.333333333333333	0.157894736842105	0	0	0	0	0	0	0	0	0	0	0
E54K	0	0.333333333333333	0	0.0476190476190476	0	0	0.0526315789473684	0	0.0555555555555556	0.0833333333333333	0	0	0	0	0	0	0	0
T56I	0	0	0	0	0	0	0	0	0.111111111111111	0	0	0	0	0	0	0	0	0
T56K	0	0	0	0	0.0740740740740741	0	0	0	0.0555555555555556	0	0	0	0	0	0	0	0	0
T56K	0	0	0	0	0	0	0	0	0	0.0833333333333333	0.166666666666667	0.1	0	0.0666666666666667	0	0	0	0
T56I	0	0	0	0	0	0	0	0	0	0	0	0.1	0.0555555555555556	0.0666666666666667	0	0	0	0
I57L	0	0	0	0	0	0	0	0	0.111111111111111	0	0	0	0.0555555555555556	0	0	0	0	0
I58V	0	0	0.0714285714285714	0.119047619047619	0	0	0.0526315789473684	0	0	0	0	0	0	0	0	0	0	0
R60K	0	0	0	0	0	0	0.105263157894737	0.125	0.0555555555555556	0.333333333333333	0.333333333333333	0.4	0.333333333333333	0.133333333333333	0.0869565217391304	0	0	0
N61K	0	0	0	0	0	0	0	0.25	0	0.0833333333333333	0	0	0	0	0	0	0	0
T62I	0	0	0	0	0	0	0.0526315789473684	0	0.0555555555555556	0.0833333333333333	0	0	0	0	0	0	0	0
T62R	0	0	0	0	0	0	0.105263157894737	0	0.0555555555555556	0	0	0	0	0	0	0	0	0
T62A	0	0	0	0	0	0	0	0	0	0	0	0	0.0555555555555556	0	0.0434782608695652	0	0	0
T62I	0	0	0	0	0.0740740740740741	0	0	0	0.0555555555555556	0	0	0	0	0	0	0	0	0
E64K	0	0	0	0	0	0	0	0	0	0.0833333333333333	0	0.3	0	0.266666666666667	0.173913043478261	0.333333333333333	0.444444444444444	0.384615384615385
E64K	0	0	0	0	0	0.0833333333333333	0.0526315789473684	0	0	0	0	0	0	0	0	0	0	0
E64K	0	0	0	0	0	0.0833333333333333	0	0	0.111111111111111	0	0	0	0	0	0	0	0	0
V66M	0	0	0	0	0	0	0	0	0	0	0	0	0	0.0666666666666667	0	0.111111111111111	0	0
L68V	0	0	0	0	0	0	0.105263157894737	0	0.0555555555555556	0	0	0	0	0	0	0	0	0
T69I	0	0	0.0714285714285714	0.0238095238095238	0.296296296296296	0.25	0.105263157894737	0.25	0.166666666666667	0.0833333333333333	0	0.2	0.277777777777778	0	0	0	0	0
T69S	0	0	0	0	0	0	0	0	0	0	0	0	0	0.0666666666666667	0.173913043478261	0.111111111111111	0.333333333333333	0.230769230769231
N70K	0	0	0	0	0	0	0	0	0	0	0	0.1	0.0555555555555556	0.2	0.0869565217391304	0	0	0
T71N	0	0	0	0	0	0	0.0526315789473684	0.125	0	0	0	0	0	0	0	0	0	0
T71I	0	0	0	0	0	0	0	0	0	0	0	0	0.0555555555555556	0	0.0434782608695652	0	0	0
T71I	0	0	0	0	0.037037037037037	0	0.105263157894737	0.125	0.0555555555555556	0.333333333333333	0.333333333333333	0.4	0.333333333333333	0.133333333333333	0.0869565217391304	0	0	0
T72I	0	0	0.0714285714285714	0.119047619047619	0	0	0.0526315789473684	0	0	0	0	0	0	0	0	0	0	0
K75R	0	0	0	0	0	0	0	0	0	0	0	0	0.111111111111111	0.4	0.565217391304348	0.333333333333333	0.333333333333333	0.153846153846154
I77V	0	0	0	0.0476190476190476	0.0740740740740741	0	0.0526315789473684	0.25	0	0.0833333333333333	0	0	0	0	0	0	0	0
I77T	0	0	0	0	0	0	0.0526315789473684	0	0.111111111111111	0	0	0	0	0	0	0	0	0
I77V	0	0	0	0	0	0	0	0	0	0	0	0	0	0.0666666666666667	0.130434782608696	0.111111111111111	0.111111111111111	0
I77K	0	0	0	0	0	0	0	0	0	0.0833333333333333	0.333333333333333	0	0.111111111111111	0	0.0434782608695652	0	0.111111111111111	0
I77T	0	0	0	0	0	0.0833333333333333	0	0	0.111111111111111	0	0	0	0	0	0	0	0	0
I77V	0	0	0	0	0	0	0	0	0.0555555555555556	0.166666666666667	0	0.1	0.0555555555555556	0	0.0434782608695652	0	0	0
K80T	0	0	0	0	0	0	0	0	0	0	0	0	0	0	0	0	0.111111111111111	0.0769230769230769
L81P	0	0	0	0	0	0	0	0	0	0	0	0	0.0555555555555556	0	0	0.111111111111111	0	0.153846153846154
L81P	0	0	0	0	0	0	0	0.125	0	0	0	0	0	0	0	0.222222222222222	0.111111111111111	0.230769230769231
L81P	0	0	0	0	0	0.0833333333333333	0	0	0.111111111111111	0	0	0	0	0	0	0	0	0
A82T	0	0	0	0	0	0	0	0	0	0	0	0.1	0.111111111111111	0.2	0.0869565217391304	0.111111111111111	0	0.153846153846154
A82V	0	0	0	0	0	0	0.105263157894737	0	0	0	0	0	0	0	0	0	0	0
A82P	0	0	0	0	0	0	0	0	0	0	0	0	0	0	0	0	0.111111111111111	0.153846153846154
E83K	0	0	0	0	0	0.0833333333333333	0	0	0.111111111111111	0	0	0	0	0	0	0	0	0
E83G	0	0	0	0	0	0	0.0526315789473684	0.125	0.0555555555555556	0.25	0.333333333333333	0.3	0.277777777777778	0.0666666666666667	0.0869565217391304	0	0	0
G83E	0	0	0	0	0	0	0	0	0	0	0	0.1	0.0555555555555556	0.0666666666666667	0	0	0	0
R85K	0	0	0	0	0	0.0833333333333333	0	0	0.111111111111111	0	0	0	0	0	0	0	0	0
N86S	0	0	0	0	0	0	0	0	0	0	0	0	0	0	0.391304347826087	0.222222222222222	0.333333333333333	0.153846153846154
N86S	0	0	0	0	0	0	0	0	0.0555555555555556	0.0833333333333333	0	0	0	0	0	0	0	0
N86D	0	0	0	0	0	0	0	0.125	0	0	0	0	0	0	0	0.222222222222222	0.111111111111111	0.230769230769231
D86S	0.5	0	0.0714285714285714	0.0238095238095238	0.037037037037037	0.0833333333333333	0.0526315789473684	0	0	0.0833333333333333	0.333333333333333	0	0.111111111111111	0	0.0434782608695652	0	0.111111111111111	0
K93N	0.5	1	1	0.976190476190476	0.962962962962963	1	1	1	0.888888888888889	1	1	0.8	0.777777777777778	1	1	1	1	1
N93K	0	0	0	0	0	0	0	0	0	0	0	0.2	0.222222222222222	0	0	0	0	0
K93N	0	0	0	0	0	0	0	0	0.111111111111111	0	0	0	0	0	0	0	0	0
T95K	0	0	0	0	0	0	0	0	0	0	0	0.1	0.111111111111111	0.2	0.0869565217391304	0.111111111111111	0	0.153846153846154
A98V	0	0	0	0	0	0	0.0526315789473684	0	0.0555555555555556	0.0833333333333333	0	0	0	0	0	0	0	0
P126S	0	0	0	0	0	0.0833333333333333	0.0526315789473684	0	0	0	0	0	0	0	0	0	0	0
P126L	0	0	0	0	0	0	0.0526315789473684	0	0.111111111111111	0	0	0	0	0	0	0	0	0
P126H	0	0	0	0	0	0	0	0	0.111111111111111	0	0	0	0	0	0	0	0	0
D127N	0	0	0	0	0.0740740740740741	0	0	0.125	0.111111111111111	0	0	0.2	0.277777777777778	0	0	0	0	0
D127G	0.5	0	0	0.0238095238095238	0	0.0833333333333333	0.0526315789473684	0	0	0	0	0	0	0	0	0	0	0
D127V	0	0	0	0	0.0740740740740741	0	0	0	0.0555555555555556	0	0	0	0	0	0	0	0	0
D127N	0	0.333333333333333	0	0.0476190476190476	0	0	0.0526315789473684	0	0.0555555555555556	0.0833333333333333	0	0	0	0	0	0	0	0
D127E	0	0	0	0	0	0	0	0	0	0	0	0.1	0.0555555555555556	0.0666666666666667	0	0	0	0
G143R	0	0	0	0	0	0	0.0526315789473684	0	0.0555555555555556	0	0	0	0	0	0	0	0	0
G143R	0	0.333333333333333	0	0.0476190476190476	0	0	0.0526315789473684	0	0.0555555555555556	0.0833333333333333	0	0	0	0	0	0	0	0
N147D	0	0	0	0	0	0	0	0.125	0	0	0	0	0	0	0	0.222222222222222	0.111111111111111	0.230769230769231
N147D	0	0	0	0	0	0	0	0	0.111111111111111	0	0	0	0	0	0	0	0	0
N147D	0	0	0	0	0.037037037037037	0	0.105263157894737	0.125	0.0555555555555556	0.333333333333333	0.333333333333333	0.4	0.333333333333333	0.133333333333333	0.0869565217391304	0	0	0
I149V	0.5	1	1	0.952380952380952	0.925925925925926	1	0.789473684210526	0.75	0.944444444444444	0.666666666666667	0.666666666666667	0.6	0.666666666666667	0.866666666666667	0.91304347826087	1	1	1
V149I	0	0	0	0	0	0	0.105263157894737	0.125	0	0	0	0	0	0	0	0	0	0
H150R	0	0	0	0	0.0740740740740741	0	0	0	0	0	0	0	0	0	0	0	0	0
S161N	0.5	1	1	0.952380952380952	0.962962962962963	1	1	1	1	0.916666666666667	1	0.7	1	0.533333333333333	0.826086956521739	0.666666666666667	0.555555555555556	0.615384615384615
N161S	0	0	0	0	0	0	0	0	0	0	0	0	0	0.2	0	0	0	0
N161S	0	0	0	0	0	0	0	0	0	0.0833333333333333	0	0.3	0	0.266666666666667	0.173913043478261	0.333333333333333	0.444444444444444	0.384615384615385
I176M	0	0.333333333333333	0.928571428571429	0.880952380952381	0.814814814814815	0.833333333333333	0.736842105263158	0.75	0.666666666666667	0.333333333333333	0.333333333333333	0.3	0.555555555555556	0.6	0.695652173913043	0.444444444444444	0.333333333333333	0.384615384615385
M176I	0	0	0	0	0	0	0.0526315789473684	0	0.0555555555555556	0.0833333333333333	0	0	0	0	0	0	0	0
I176M	0	0	0	0	0.0740740740740741	0	0	0	0.0555555555555556	0	0	0	0	0	0	0	0	0
H184Y	0	0	0	0	0	0	0.0526315789473684	0	0.111111111111111	0	0	0	0	0	0	0	0	0
I194V	0	0	0.214285714285714	0.0714285714285714	0.185185185185185	0.0833333333333333	0.0526315789473684	0.375	0.166666666666667	0.0833333333333333	0	0.1	0.222222222222222	0.6	0.652173913043478	0.444444444444444	0.333333333333333	0.307692307692308
N197D	0	0	0	0	0.037037037037037	0	0.105263157894737	0	0	0	0	0	0	0	0	0	0	0
N197D	0	0	0	0	0	0	0	0	0	0.0833333333333333	0.333333333333333	0	0.111111111111111	0	0.0434782608695652	0	0.111111111111111	0
N197D	0	0.333333333333333	0	0.0476190476190476	0	0	0.0526315789473684	0	0.0555555555555556	0.0833333333333333	0	0	0	0	0	0	0	0
D199N	0.5	0.666666666666667	1	0.928571428571429	0.925925925925926	1	0.842105263157895	1	0.888888888888889	0.833333333333333	1	1	0.944444444444444	0.8	1	0.777777777777778	0.888888888888889	0.769230769230769
N199D	0	0	0	0	0	0	0	0	0	0	0	0	0.0555555555555556	0.2	0	0	0	0
N199S	0	0	0	0	0.037037037037037	0	0.105263157894737	0	0	0	0	0	0	0	0	0	0	0
N199H	0	0	0	0	0	0	0	0	0.0555555555555556	0.0833333333333333	0	0	0	0	0	0	0	0
N199D	0	0	0	0	0	0	0	0	0	0	0	0	0	0	0	0.222222222222222	0.111111111111111	0.230769230769231
N199E	0	0	0	0.0476190476190476	0	0	0.0526315789473684	0	0	0	0	0	0	0	0	0	0	0
E199K	0	0.333333333333333	0	0	0	0	0	0	0.0555555555555556	0.0833333333333333	0	0	0	0	0	0	0	0
F205L	0	0	0	0	0	0	0	0	0	0	0	0	0.111111111111111	0.4	0.565217391304348	0.333333333333333	0.333333333333333	0.153846153846154
N208S	0	0	0	0	0	0	0.105263157894737	0	0.0555555555555556	0	0	0	0	0	0	0	0	0
N208D	0	0	0	0	0	0	0	0	0	0	0	0	0.0555555555555556	0	0	0	0	0.0769230769230769
R210K	0	0	0	0	0	0	0	0	0	0	0	0	0	0	0	0.222222222222222	0.111111111111111	0.230769230769231
V212A	0	0	0	0	0.0740740740740741	0	0	0	0	0	0	0	0	0	0	0	0	0
I215V	0	0	0	0	0	0	0	0	0	0	0	0.2	0.166666666666667	0	0	0	0	0
I215V	0	0	0	0	0	0	0	0	0	0	0.333333333333333	0	0	0	0	0	0	0
G216S	0	0	0	0	0	0	0.105263157894737	0	0.0555555555555556	0	0	0	0	0	0	0	0	0
N221D	0	0	0	0	0	0	0.0526315789473684	0	0.0555555555555556	0.0833333333333333	0	0	0	0	0	0	0	0
N221K	0	0	0	0	0	0	0.105263157894737	0	0.111111111111111	0.166666666666667	0.333333333333333	0	0.0555555555555556	0	0	0	0	0.0769230769230769
G235R	0	0	0	0	0	0	0	0	0	0	0	0	0.0555555555555556	0	0.0434782608695652	0	0	0
T236I	0	0	0	0	0.0740740740740741	0.0833333333333333	0	0	0	0	0	0	0	0	0	0	0	0
T238A	0	0	0	0	0	0	0	0	0	0	0	0	0.0555555555555556	0.0666666666666667	0	0	0	0
T238A	0	0	0	0	0	0	0	0	0.111111111111111	0.166666666666667	0.333333333333333	0	0.0555555555555556	0	0	0	0	0.0769230769230769
T238A	0	0	0	0	0.0740740740740741	0	0	0	0.0555555555555556	0	0	0	0	0	0	0	0	0
K249E	0	0	0	0	0	0	0	0	0	0	0	0	0.0555555555555556	0	0	0.111111111111111	0	0
K249E	0	0	0	0	0	0	0	0	0	0	0	0	0	0	0	0.222222222222222	0	0
K253R	0	0	0	0	0	0	0	0.125	0	0	0	0	0	0	0	0.222222222222222	0.111111111111111	0.230769230769231
I257V	0	0.333333333333333	0.928571428571429	0.880952380952381	0.814814814814815	0.833333333333333	0.789473684210526	0.75	0.722222222222222	0.416666666666667	0.333333333333333	0.3	0.5	0.6	0.695652173913043	0.333333333333333	0.333333333333333	0.230769230769231
V257I	0	0	0	0	0	0	0	0	0	0	0	0	0.0555555555555556	0	0	0.111111111111111	0	0.153846153846154
E258K	0	0	0	0	0	0.0833333333333333	0.0526315789473684	0	0	0	0	0	0	0	0	0	0	0
I262V	0	0	0	0	0	0	0.0526315789473684	0	0	0.0833333333333333	0	0	0	0	0	0	0	0
V263I	0.5	0	0.285714285714286	0.0476190476190476	0.185185185185185	0.25	0.0526315789473684	0.125	0.166666666666667	0.166666666666667	0.333333333333333	0.3	0.111111111111111	0.266666666666667	0.217391304347826	0.555555555555556	0.666666666666667	0.615384615384615
I263V	0	0.333333333333333	0.714285714285714	0.857142857142857	0.740740740740741	0.75	0.789473684210526	0.75	0.722222222222222	0.416666666666667	0.333333333333333	0.3	0.555555555555556	0.6	0.695652173913043	0.444444444444444	0.333333333333333	0.384615384615385
V263I	0	0	0	0	0	0	0	0	0	0	0	0.1	0.0555555555555556	0.0666666666666667	0	0	0	0
R264H	0.5	1	1	0.952380952380952	0.962962962962963	1	0.894736842105263	0.875	1	1	1	1	0.944444444444444	1	0.956521739130435	1	1	1
H264R	0	0	0	0	0	0	0.105263157894737	0.125	0	0	0	0	0	0	0	0	0	0
H264N	0	0	0	0	0	0	0	0	0	0	0	0	0.0555555555555556	0	0.0434782608695652	0	0	0
I265V	0	0	0	0	0.037037037037037	0	0.105263157894737	0	0	0	0	0	0	0	0	0	0	0
K267T	0.5	0.666666666666667	1	0.928571428571429	0.888888888888889	1	0.842105263157895	0.875	0.777777777777778	0.833333333333333	1	0.8	0.722222222222222	1	1	1	1	1
T267A	0	0	0	0	0.0740740740740741	0	0	0.125	0.111111111111111	0	0	0.2	0.277777777777778	0	0	0	0	0
T267P	0	0	0	0	0	0	0	0	0.0555555555555556	0.0833333333333333	0	0	0	0	0	0	0	0
T267K	0	0	0	0	0	0	0.105263157894737	0	0	0	0	0	0	0	0	0	0	0
T267A	0	0.333333333333333	0	0.0476190476190476	0	0	0.0526315789473684	0	0.0555555555555556	0.0833333333333333	0	0	0	0	0	0	0	0
S269L	0	0	0	0	0.0740740740740741	0	0	0	0.0555555555555556	0	0	0	0	0	0	0	0	0
S284F	0.5	0.333333333333333	1	0.904761904761905	0.925925925925926	1	0.842105263157895	0.875	0.888888888888889	0.583333333333333	0.666666666666667	0.6	0.666666666666667	0.866666666666667	0.91304347826087	0.777777777777778	0.888888888888889	0.769230769230769
F284S	0	0	0	0	0	0	0	0	0	0	0	0	0	0	0	0.222222222222222	0.111111111111111	0.230769230769231
F284Y	0	0.333333333333333	0	0.0476190476190476	0	0	0.0526315789473684	0	0.0555555555555556	0.0833333333333333	0	0	0	0	0	0	0	0
P285S	0	0	0	0	0	0	0	0	0	0	0	0	0.0555555555555556	0.0666666666666667	0	0	0	0
P285H	0	0	0	0	0	0	0	0	0	0	0	0	0	0	0.0434782608695652	0	0	0.153846153846154
H285N	0	0	0	0	0	0	0	0	0	0	0	0	0	0	0	0	0.111111111111111	0.0769230769230769
G286D	0	0	0	0	0.0740740740740741	0	0	0	0	0	0	0	0	0	0	0	0	0
G286D	0	0	0	0	0.0740740740740741	0	0	0.125	0.111111111111111	0	0	0.2	0.277777777777778	0	0	0	0	0
G286S	0	0	0	0	0	0	0	0	0	0.0833333333333333	0	0.3	0	0.266666666666667	0.173913043478261	0.333333333333333	0.444444444444444	0.384615384615385
I302V	0	0	0	0	0	0	0	0	0	0	0.333333333333333	0	0	0	0	0	0	0
I302V	0	0	0	0	0	0	0	0.125	0	0	0	0	0	0	0	0.222222222222222	0.111111111111111	0.230769230769231
V303I	0	0	0	0	0	0	0	0	0	0.0833333333333333	0	0	0.111111111111111	0	0.0434782608695652	0	0.111111111111111	0
N306D	0	0	0	0	0	0	0	0.125	0.111111111111111	0	0	0	0	0	0	0	0	0
V307I	0	0.333333333333333	0	0.0476190476190476	0	0	0.0526315789473684	0	0.0555555555555556	0.0833333333333333	0	0	0	0	0	0	0	0
D309N	0	0.333333333333333	0.928571428571429	0.880952380952381	0.814814814814815	0.833333333333333	0.789473684210526	0.75	0.722222222222222	0.416666666666667	0.333333333333333	0.3	0.555555555555556	0.6	0.695652173913043	0.444444444444444	0.333333333333333	0.384615384615385
D309N	0.5	0	0	0.0238095238095238	0	0.0833333333333333	0.0526315789473684	0	0	0	0	0	0	0	0	0	0	0
H310Y	0.5	0.666666666666667	1	0.952380952380952	0.925925925925926	1	0.894736842105263	0.875	0.944444444444444	0.666666666666667	0.666666666666667	0.6	0.666666666666667	0.866666666666667	0.91304347826087	1	1	1
V312I	0.5	0.333333333333333	1	0.952380952380952	0.925925925925926	0.916666666666667	0.842105263157895	0.875	0.777777777777778	0.583333333333333	0.666666666666667	0.6	0.666666666666667	0.866666666666667	0.91304347826087	1	1	1
I312A	0	0	0	0	0	0.0833333333333333	0	0	0.111111111111111	0	0	0	0	0	0	0	0	0
I312T	0	0.333333333333333	0	0	0	0	0.0526315789473684	0	0.0555555555555556	0.0833333333333333	0	0	0	0	0	0	0	0
V312I	0	0	0	0	0	0	0	0	0.0555555555555556	0.166666666666667	0	0.1	0.111111111111111	0	0.0434782608695652	0	0	0
K328E	0	0	0	0	0	0	0	0	0	0	0	0	0	0.133333333333333	0	0	0	0
K328Q	0	0	0	0	0	0	0	0	0	0	0.333333333333333	0	0	0	0	0	0	0
K328R	0	0	0	0	0	0	0	0	0	0.0833333333333333	0	0.3	0	0.266666666666667	0.173913043478261	0.333333333333333	0.444444444444444	0.384615384615385
K328E	0	0	0	0	0	0.0833333333333333	0.0526315789473684	0	0	0	0	0	0	0	0	0	0	0
