0	0	0	0	0	0	0	0	0	0	0	0	0	2	4	2	4	4	
0	0	1	0	1	0	0	0	0	0	0	0	0	0	0	0	0	0	
0	0	1	0	1	0	0	0	0	0	0	0	0	0	0	0	0	0	
1	3	14	41	26	12	19	8	18	12	5	10	18	14	23	9	8	12	
0	0	0	0	0	0	0	0	0	0	0	0	0	0	0	0	1	1	
0	0	0	0	0	0	0	0	0	0	1	0	0	1	0	0	0	0	
0	0	1	5	0	0	1	0	0	0	0	0	0	0	0	0	0	0	
0	0	0	0	0	1	0	0	2	0	0	0	0	0	0	0	0	0	
0	0	0	5	0	0	0	0	0	0	0	0	0	0	0	0	0	0	
0	0	0	0	0	0	0	0	2	0	0	0	1	0	0	0	0	0	
0	0	0	0	2	0	0	0	1	0	0	0	0	0	0	0	0	0	
0	0	0	0	2	0	0	0	0	0	0	0	0	0	0	0	0	0	
0	0	0	0	0	0	0	0	0	1	1	1	0	1	0	0	0	0	
0	0	0	0	0	0	0	0	0	0	0	0	0	0	0	0	1	3	
0	0	0	0	0	0	0	0	0	0	2	0	0	0	0	0	0	0	
0	0	0	0	0	0	0	0	0	0	0	0	0	0	0	2	1	3	
0	0	0	0	0	0	2	0	2	2	2	0	1	0	0	0	0	1	
0	0	0	0	0	0	0	0	0	0	0	0	0	1	0	1	0	0	
1	3	14	41	26	12	19	8	18	12	6	10	18	15	23	7	8	10	
0	0	0	0	0	0	0	0	0	0	0	0	0	0	0	2	1	3	
0	0	0	0	0	0	0	0	0	0	2	0	0	0	0	0	0	0	
0	1	0	0	0	0	1	0	1	1	0	0	0	0	0	0	0	0	
0	0	0	0	0	0	0	0	0	1	0	3	0	4	4	3	4	5	
0	0	0	0	0	0	0	0	0	0	2	0	0	0	0	0	0	0	
0	0	0	0	2	0	0	0	1	0	0	0	0	0	0	0	0	0	
0	1	0	2	0	0	1	0	1	1	0	0	0	0	0	0	0	0	
0	0	0	0	0	0	0	1	2	0	0	2	5	0	0	0	0	0	
0	0	0	0	0	0	0	0	0	1	0	3	0	4	4	3	4	5	
0	0	0	0	0	0	0	0	0	0	2	0	0	0	0	0	0	0	
0	0	0	0	0	0	0	0	0	0	0	0	0	0	0	2	1	3	
0	0	0	0	0	0	0	0	0	0	0	1	1	1	0	0	0	0	
0	0	0	0	0	0	0	0	0	0	0	0	0	0	0	0	0	2	
0	0	0	0	0	0	1	1	1	3	2	4	6	2	2	0	0	0	
0	0	0	0	0	0	0	0	0	0	0	0	0	1	1	0	0	0	
0	0	0	0	0	0	0	0	0	0	0	0	0	0	1	0	1	3	
1	1	14	38	25	12	16	7	14	6	4	3	10	6	17	5	5	6	
0	0	0	0	0	0	0	0	0	0	0	0	1	3	0	0	0	0	
0	0	0	0	0	0	0	0	0	0	0	0	1	0	0	1	0	2	
0	0	0	0	0	0	0	0	2	0	0	0	0	0	0	0	0	0	
0	0	0	0	0	0	0	0	0	1	0	3	0	4	4	3	4	5	
0	0	0	0	0	1	0	0	0	0	0	1	4	9	15	4	3	4	
0	0	0	0	0	0	1	2	0	1	0	0	0	0	0	0	0	0	
0	0	0	0	0	0	0	0	0	0	0	1	1	1	0	0	0	0	
0	0	0	0	0	0	0	0	0	0	0	0	2	0	0	0	0	0	
0	0	0	0	0	0	0	0	1	1	0	0	0	0	0	0	0	0	
0	0	1	2	2	4	3	0	0	0	0	0	0	0	0	0	0	0	
0	1	0	2	0	0	1	0	1	1	0	0	0	0	0	0	0	0	
0	0	0	0	0	0	0	0	2	0	0	0	0	0	0	0	0	0	
0	0	0	0	2	0	0	0	1	0	0	0	0	0	0	0	0	0	
0	0	0	0	0	0	0	0	0	1	1	1	0	1	0	0	0	0	
0	0	0	0	0	0	0	0	0	0	0	1	1	1	0	0	0	0	
0	0	0	0	0	0	0	0	2	0	0	0	1	0	0	0	0	0	
0	0	1	5	0	0	1	0	0	0	0	0	0	0	0	0	0	0	
0	0	0	0	0	0	2	1	1	4	2	4	6	2	2	0	0	0	
0	0	0	0	0	0	0	2	0	1	0	0	0	0	0	0	0	0	
0	0	0	0	0	0	1	0	1	1	0	0	0	0	0	0	0	0	
0	0	0	0	0	0	2	0	1	0	0	0	0	0	0	0	0	0	
0	0	0	0	0	0	0	0	0	0	0	0	1	0	1	0	0	0	
0	0	0	0	2	0	0	0	1	0	0	0	0	0	0	0	0	0	
0	0	0	0	0	0	0	0	0	1	0	3	0	4	4	3	4	5	
0	0	0	0	0	1	1	0	0	0	0	0	0	0	0	0	0	0	
0	0	0	0	0	1	0	0	2	0	0	0	0	0	0	0	0	0	
0	0	0	0	0	0	0	0	0	0	0	0	0	1	0	1	0	0	
0	0	0	0	0	0	2	0	1	0	0	0	0	0	0	0	0	0	
0	0	1	1	8	3	2	2	3	1	0	2	5	0	0	0	0	0	
0	0	0	0	0	0	0	0	0	0	0	0	0	1	4	1	3	3	
0	0	0	0	0	0	0	0	0	0	0	1	1	3	2	0	0	0	
0	0	0	0	0	0	1	1	0	0	0	0	0	0	0	0	0	0	
0	0	0	0	0	0	0	0	0	0	0	0	1	0	1	0	0	0	
0	0	0	0	1	0	2	1	1	4	2	4	6	2	2	0	0	0	
0	0	1	5	0	0	1	0	0	0	0	0	0	0	0	0	0	0	
0	0	0	0	0	0	0	0	0	0	0	0	2	6	13	3	3	2	
0	0	0	2	2	0	1	2	0	1	0	0	0	0	0	0	0	0	
0	0	0	0	0	0	1	0	2	0	0	0	0	0	0	0	0	0	
0	0	0	0	0	0	0	0	0	0	0	0	0	1	3	1	1	0	
0	0	0	0	0	0	0	0	0	1	2	0	2	0	1	0	1	0	
0	0	0	0	0	1	0	0	2	0	0	0	0	0	0	0	0	0	
0	0	0	0	0	0	0	0	1	2	0	1	1	0	1	0	0	0	
0	0	0	0	0	0	0	0	0	0	0	0	0	0	0	0	1	1	
0	0	0	0	0	0	0	0	0	0	0	0	1	0	0	1	0	2	
0	0	0	0	0	0	0	1	0	0	0	0	0	0	0	2	1	3	
0	0	0	0	0	1	0	0	2	0	0	0	0	0	0	0	0	0	
0	0	0	0	0	0	0	0	0	0	0	1	2	3	2	1	0	2	
0	0	0	0	0	0	2	0	0	0	0	0	0	0	0	0	0	0	
0	0	0	0	0	0	0	0	0	0	0	0	0	0	0	0	1	2	
0	0	0	0	0	1	0	0	2	0	0	0	0	0	0	0	0	0	
0	0	0	0	0	0	1	1	1	3	2	3	5	1	2	0	0	0	
0	0	0	0	0	0	0	0	0	0	0	1	1	1	0	0	0	0	
0	0	0	0	0	1	0	0	2	0	0	0	0	0	0	0	0	0	
0	0	0	0	0	0	0	0	0	0	0	0	0	0	9	2	3	2	
0	0	0	0	0	0	0	0	1	1	0	0	0	0	0	0	0	0	
0	0	0	0	0	0	0	1	0	0	0	0	0	0	0	2	1	3	
1	0	1	1	1	1	1	0	0	1	2	0	2	0	1	0	1	0	
1	3	14	41	26	12	19	8	16	12	6	8	14	15	23	9	9	13	
0	0	0	0	0	0	0	0	0	0	0	2	4	0	0	0	0	0	
0	0	0	0	0	0	0	0	2	0	0	0	0	0	0	0	0	0	
0	0	0	0	0	0	0	0	0	0	0	1	2	3	2	1	0	2	
0	0	0	0	0	0	1	0	1	1	0	0	0	0	0	0	0	0	
0	0	0	0	0	0	1	0	2	0	0	0	0	0	0	0	0	0	
0	0	0	0	0	1	1	0	0	0	0	0	0	0	0	0	0	0	
0	0	0	0	0	0	0	0	2	0	0	0	0	0	0	0	0	0	
0	0	0	0	2	0	0	1	2	0	0	2	5	0	0	0	0	0	
1	0	0	1	0	1	1	0	0	0	0	0	0	0	0	0	0	0	
0	0	0	0	2	0	0	0	1	0	0	0	0	0	0	0	0	0	
0	1	0	2	0	0	1	0	1	1	0	0	0	0	0	0	0	0	
0	0	0	0	0	0	0	0	0	0	0	1	1	1	0	0	0	0	
0	0	0	0	0	0	1	0	1	0	0	0	0	0	0	0	0	0	
0	1	0	2	0	0	1	0	1	1	0	0	0	0	0	0	0	0	
0	0	0	0	0	0	0	1	0	0	0	0	0	0	0	2	1	3	
0	0	0	0	0	0	0	0	2	0	0	0	0	0	0	0	0	0	
0	0	0	0	1	0	2	1	1	4	2	4	6	2	2	0	0	0	
1	3	14	40	25	12	15	6	17	8	4	6	12	13	21	9	9	13	
0	0	0	0	0	0	2	1	0	0	0	0	0	0	0	0	0	0	
0	0	0	0	2	0	0	0	0	0	0	0	0	0	0	0	0	0	
1	3	14	40	26	12	19	8	18	11	6	7	18	8	19	6	5	8	
0	0	0	0	0	0	0	0	0	0	0	0	0	3	0	0	0	0	
0	0	0	0	0	0	0	0	0	1	0	3	0	4	4	3	4	5	
0	1	13	37	22	10	14	6	12	4	2	3	10	9	16	4	3	5	
0	0	0	0	0	0	1	0	1	1	0	0	0	0	0	0	0	0	
0	0	0	0	2	0	0	0	1	0	0	0	0	0	0	0	0	0	
0	0	0	0	0	0	1	0	2	0	0	0	0	0	0	0	0	0	
0	0	3	3	5	1	1	3	3	1	0	1	4	9	15	4	3	4	
0	0	0	0	1	0	2	0	0	0	0	0	0	0	0	0	0	0	
0	0	0	0	0	0	0	0	0	1	2	0	2	0	1	0	1	0	
0	1	0	2	0	0	1	0	1	1	0	0	0	0	0	0	0	0	
1	2	14	39	25	12	16	8	16	10	6	10	17	12	23	7	8	10	
0	0	0	0	0	0	0	0	0	0	0	0	1	3	0	0	0	0	
0	0	0	0	1	0	2	0	0	0	0	0	0	0	0	0	0	0	
0	0	0	0	0	0	0	0	1	1	0	0	0	0	0	0	0	0	
0	0	0	0	0	0	0	0	0	0	0	0	0	0	0	2	1	3	
0	0	0	2	0	0	1	0	0	0	0	0	0	0	0	0	0	0	
0	1	0	0	0	0	0	0	1	1	0	0	0	0	0	0	0	0	
0	0	0	0	0	0	0	0	0	0	0	0	2	6	13	3	3	2	
0	0	0	0	0	0	0	0	0	0	0	0	1	0	0	0	0	1	
0	0	0	0	0	0	2	0	1	0	0	0	0	0	0	0	0	0	
0	0	0	0	0	0	0	0	0	0	0	0	0	0	0	2	1	3	
0	0	0	0	2	0	0	0	0	0	0	0	0	0	0	0	0	0	
0	0	0	0	0	0	0	0	0	0	2	0	0	0	0	0	0	0	
0	0	0	0	0	0	0	0	0	0	0	2	3	0	0	0	0	0	
0	0	0	0	0	0	2	0	1	0	0	0	0	0	0	0	0	0	
0	0	0	0	0	0	2	0	2	2	2	0	1	0	0	0	0	1	
0	0	0	0	0	0	1	0	1	1	0	0	0	0	0	0	0	0	
0	0	0	0	0	0	0	0	0	0	0	0	1	0	1	0	0	0	
0	0	0	0	2	1	0	0	0	0	0	0	0	0	0	0	0	0	
0	0	0	0	0	0	0	0	0	0	0	0	1	1	0	0	0	0	
0	0	0	0	0	0	0	0	2	2	2	0	1	0	0	0	0	1	
0	0	0	0	2	0	0	0	1	0	0	0	0	0	0	0	0	0	
0	0	0	0	0	0	0	0	0	0	0	0	1	0	0	1	0	0	
0	0	0	0	0	0	0	0	0	0	0	0	0	0	0	2	0	0	
0	0	0	0	0	0	0	1	0	0	0	0	0	0	0	2	1	3	
0	1	13	37	22	10	15	6	13	5	2	3	9	9	16	3	3	3	
0	0	0	0	0	0	0	0	0	0	0	0	1	0	0	1	0	2	
0	0	0	0	0	1	1	0	0	0	0	0	0	0	0	0	0	0	
0	0	0	0	0	0	1	0	0	1	0	0	0	0	0	0	0	0	
1	0	4	2	5	3	1	1	3	2	2	3	2	4	5	5	6	8	
0	1	10	36	20	9	15	6	13	5	2	3	10	9	16	4	3	5	
0	0	0	0	0	0	0	0	0	0	0	1	1	1	0	0	0	0	
1	3	14	40	26	12	17	7	18	12	6	10	17	15	22	9	9	13	
0	0	0	0	0	0	2	1	0	0	0	0	0	0	0	0	0	0	
0	0	0	0	0	0	0	0	0	0	0	0	1	0	1	0	0	0	
0	0	0	0	1	0	2	0	0	0	0	0	0	0	0	0	0	0	
1	2	14	39	24	12	16	7	14	10	6	8	13	15	23	9	9	13	
0	0	0	0	0	0	2	0	0	0	0	0	0	0	0	0	0	0	
0	0	0	0	2	0	0	1	2	0	0	2	5	0	0	0	0	0	
0	0	0	0	0	0	0	0	1	1	0	0	0	0	0	0	0	0	
0	1	0	2	0	0	1	0	1	1	0	0	0	0	0	0	0	0	
0	0	0	0	2	0	0	0	1	0	0	0	0	0	0	0	0	0	
0	1	0	2	0	0	1	0	1	1	0	0	0	0	0	0	0	0	
1	1	14	38	25	12	16	7	16	7	4	6	12	13	21	7	8	10	
0	0	0	0	0	0	0	0	0	0	0	0	0	0	0	2	1	3	
0	0	0	0	0	0	0	0	0	0	0	0	1	1	0	0	0	0	
0	0	0	0	0	0	0	0	0	0	0	0	0	0	1	0	0	2	
0	0	0	0	0	0	0	0	0	0	0	0	0	0	0	0	1	1	
0	0	0	0	2	0	0	0	0	0	0	0	0	0	0	0	0	0	
0	0	0	0	2	0	0	1	2	0	0	2	5	0	0	0	0	0	
0	0	0	0	0	0	0	0	0	1	0	3	0	4	4	3	4	5	
0	0	0	0	0	0	0	0	0	0	2	0	0	0	0	0	0	0	
0	0	0	0	0	0	0	1	0	0	0	0	0	0	0	2	1	3	
0	0	0	0	0	0	0	0	0	1	0	0	2	0	1	0	1	0	
0	0	0	0	0	0	0	1	2	0	0	0	0	0	0	0	0	0	
0	1	0	2	0	0	1	0	1	1	0	0	0	0	0	0	0	0	
0	1	13	37	22	10	15	6	13	5	2	3	10	9	16	4	3	5	
1	0	0	1	0	1	1	0	0	0	0	0	0	0	0	0	0	0	
1	2	14	40	25	12	17	7	17	8	4	6	12	13	21	9	9	13	
1	1	14	40	25	11	16	7	14	7	4	6	12	13	21	9	9	13	
0	0	0	0	0	1	0	0	2	0	0	0	0	0	0	0	0	0	
0	1	0	0	0	0	1	0	1	1	0	0	0	0	0	0	0	0	
0	0	0	0	0	0	0	0	0	0	0	0	1	0	0	0	0	0	
0	0	0	0	0	0	0	0	1	2	0	1	1	0	1	0	0	0	
0	0	0	0	0	0	0	0	0	0	0	0	0	2	0	0	0	0	
0	0	0	0	0	0	0	0	0	0	2	0	0	0	0	0	0	0	
0	0	0	0	0	0	0	0	0	1	0	3	0	4	4	3	4	5	
0	0	0	0	0	1	1	0	0	0	0	0	0	0	0	0	0	0	
0	1	10	26	20	7	11	7	16	7	4	6	12	13	21	9	9	13	
0	0	4	11	5	4	4	0	0	0	0	0	0	0	0	0	0	0	
1	0	0	1	0	1	1	0	0	0	0	0	0	0	0	0	0	0	
0	1	0	2	2	1	1	0	4	1	0	0	0	0	0	0	0	0	
1	0	1	1	1	1	1	1	0	2	2	3	2	4	5	5	5	7	
0	1	13	37	20	10	15	6	13	5	2	3	10	9	16	4	3	5	
0	0	0	0	2	0	0	0	0	0	0	0	0	0	0	0	0	0	
0	0	0	0	0	0	0	0	0	0	0	0	0	0	0	0	1	1	
0	0	0	4	3	0	0	0	0	0	0	0	0	0	0	0	0	0	
1	2	14	40	23	12	17	7	16	8	4	6	12	13	21	9	9	13	
0	0	0	0	2	0	0	0	1	0	0	0	0	0	0	0	0	0	
0	0	0	0	0	1	1	0	0	0	0	0	0	0	0	0	0	0	
0	1	0	0	0	0	0	0	1	1	0	0	0	0	0	0	0	0	
0	0	0	0	0	0	1	1	1	3	2	4	6	2	2	0	0	0	
0	0	0	0	0	0	0	0	0	1	0	0	2	0	1	0	1	0	
0	0	0	0	0	0	0	0	2	0	0	0	0	0	0	0	0	0	
