I2T	0	0	0	0	0	0	0	0	0	0	0	0	0	0.133333333333333	0.173913043478261	0.222222222222222	0.444444444444444	0.307692307692308
I3T	0	0	0.0714285714285714	0	0.037037037037037	0	0	0	0	0	0	0	0	0	0	0	0	0
I6V	0	0	0.0714285714285714	0	0.037037037037037	0	0	0	0	0	0	0	0	0	0	0	0	0
L8F	0.5	1	1	0.976190476190476	0.962962962962963	1	1	1	1	1	0.833333333333333	1	1	0.933333333333333	1	1	0.888888888888889	0.923076923076923
F8L	0	0	0	0	0	0	0	0	0	0	0	0	0	0	0	0	0.111111111111111	0.0769230769230769
F8L	0	0	0	0	0	0	0	0	0	0	0.166666666666667	0	0	0.0666666666666667	0	0	0	0
I12T	0	0	0.0714285714285714	0.119047619047619	0	0	0.0526315789473684	0	0	0	0	0	0	0	0	0	0	0
I12V	0	0	0	0	0	0.0833333333333333	0	0	0.111111111111111	0	0	0	0	0	0	0	0	0
I14T	0	0	0	0.119047619047619	0	0	0	0	0	0	0	0	0	0	0	0	0	0
V16I	0	0	0	0	0	0	0	0	0.111111111111111	0	0	0	0.0555555555555556	0	0	0	0	0
V16A	0	0	0	0	0.0740740740740741	0	0	0	0.0555555555555556	0	0	0	0	0	0	0	0	0
T18S	0	0	0	0	0.0740740740740741	0	0	0	0	0	0	0	0	0	0	0	0	0
T18N	0	0	0	0	0	0	0	0	0	0.0833333333333333	0.166666666666667	0.1	0	0.0666666666666667	0	0	0	0
T20K	0	0	0	0	0	0	0	0	0	0	0	0	0	0	0	0	0.111111111111111	0.230769230769231
Q25H	0	0	0	0	0	0	0	0	0	0	0.333333333333333	0	0	0	0	0	0	0
Q25K	0	0	0	0	0	0	0	0	0	0	0	0	0	0	0	0.222222222222222	0.111111111111111	0.230769230769231
H26Q	0	0	0	0	0	0	0.105263157894737	0	0.111111111111111	0.166666666666667	0.333333333333333	0	0.0555555555555556	0	0	0	0	0.0769230769230769
H26R	0	0	0	0	0	0	0	0	0	0	0	0	0	0.0666666666666667	0	0.111111111111111	0	0
N27D	0.5	1	1	0.976190476190476	0.962962962962963	1	1	1	1	1	1	1	1	1	1	0.777777777777778	0.888888888888889	0.769230769230769
D27N	0	0	0	0	0	0	0	0	0	0	0	0	0	0	0	0.222222222222222	0.111111111111111	0.230769230769231
Y28H	0	0	0	0	0	0	0	0	0	0	0.333333333333333	0	0	0	0	0	0	0
N29D	0	0.333333333333333	0	0	0	0	0.0526315789473684	0	0.0555555555555556	0.0833333333333333	0	0	0	0	0	0	0	0
S30P	0	0	0	0	0	0	0	0	0	0.0833333333333333	0	0.3	0	0.266666666666667	0.173913043478261	0.333333333333333	0.444444444444444	0.384615384615385
S30L	0	0	0	0	0	0	0	0	0	0	0.333333333333333	0	0	0	0	0	0	0
S30Y	0	0	0	0	0.0740740740740741	0	0	0	0.0555555555555556	0	0	0	0	0	0	0	0	0
S30F	0	0.333333333333333	0	0.0476190476190476	0	0	0.0526315789473684	0	0.0555555555555556	0.0833333333333333	0	0	0	0	0	0	0	0
P31L	0	0	0	0	0	0	0	0.125	0.111111111111111	0	0	0.2	0.277777777777778	0	0	0	0	0
P31S	0	0	0	0	0	0	0	0	0	0.0833333333333333	0	0.3	0	0.266666666666667	0.173913043478261	0.333333333333333	0.444444444444444	0.384615384615385
P31S	0	0	0	0	0	0	0	0	0	0	0.333333333333333	0	0	0	0	0	0	0
P31L	0	0	0	0	0	0	0	0	0	0	0	0	0	0	0	0.222222222222222	0.111111111111111	0.230769230769231
P31S	0	0	0	0	0	0	0	0	0	0	0	0.1	0.0555555555555556	0.0666666666666667	0	0	0	0
P32S	0	0	0	0	0	0	0	0	0	0	0	0	0	0	0	0	0	0.153846153846154
P32Q	0	0	0	0	0	0	0.0526315789473684	0.125	0.0555555555555556	0.25	0.333333333333333	0.4	0.333333333333333	0.133333333333333	0.0869565217391304	0	0	0
N33S	0	0	0	0	0	0	0	0	0	0	0	0	0	0.0666666666666667	0.0434782608695652	0	0	0
Q35L	0	0	0	0	0	0	0	0	0	0	0	0	0	0	0.0434782608695652	0	0.111111111111111	0.230769230769231
V36A	0.5	0.333333333333333	1	0.904761904761905	0.925925925925926	1	0.842105263157895	0.875	0.777777777777778	0.5	0.666666666666667	0.3	0.555555555555556	0.4	0.739130434782609	0.555555555555556	0.555555555555556	0.461538461538462
A36S	0	0	0	0	0	0	0	0	0	0	0	0	0.0555555555555556	0.2	0	0	0	0
A36T	0	0	0	0	0	0	0	0	0	0	0	0	0.0555555555555556	0	0	0.111111111111111	0	0.153846153846154
A36T	0	0	0	0	0	0	0	0	0.111111111111111	0	0	0	0	0	0	0	0	0
A36T	0	0	0	0	0	0	0	0	0	0.0833333333333333	0	0.3	0	0.266666666666667	0.173913043478261	0.333333333333333	0.444444444444444	0.384615384615385
M37I	0	0	0	0	0	0.0833333333333333	0	0	0	0	0	0.1	0.222222222222222	0.6	0.652173913043478	0.444444444444444	0.333333333333333	0.307692307692308
M37I	0	0	0	0	0	0	0.0526315789473684	0.25	0	0.0833333333333333	0	0	0	0	0	0	0	0
M37I	0	0	0	0	0	0	0	0	0	0	0	0.1	0.0555555555555556	0.0666666666666667	0	0	0	0
L38P	0	0	0	0	0	0	0	0	0	0	0	0	0.111111111111111	0	0	0	0	0
L38Q	0	0	0	0	0	0	0	0	0.0555555555555556	0.0833333333333333	0	0	0	0	0	0	0	0
E40K	0	0	0.0714285714285714	0.0476190476190476	0.0740740740740741	0.333333333333333	0.157894736842105	0	0	0	0	0	0	0	0	0	0	0
E40K	0	0.333333333333333	0	0.0476190476190476	0	0	0.0526315789473684	0	0.0555555555555556	0.0833333333333333	0	0	0	0	0	0	0	0
T42I	0	0	0	0	0	0	0	0	0.111111111111111	0	0	0	0	0	0	0	0	0
T42K	0	0	0	0	0.0740740740740741	0	0	0	0.0555555555555556	0	0	0	0	0	0	0	0	0
T42K	0	0	0	0	0	0	0	0	0	0.0833333333333333	0.166666666666667	0.1	0	0.0666666666666667	0	0	0	0
T42I	0	0	0	0	0	0	0	0	0	0	0	0.1	0.0555555555555556	0.0666666666666667	0	0	0	0
I43L	0	0	0	0	0	0	0	0	0.111111111111111	0	0	0	0.0555555555555556	0	0	0	0	0
I44V	0	0	0.0714285714285714	0.119047619047619	0	0	0.0526315789473684	0	0	0	0	0	0	0	0	0	0	0
R46K	0	0	0	0	0	0	0.105263157894737	0.125	0.0555555555555556	0.333333333333333	0.333333333333333	0.4	0.333333333333333	0.133333333333333	0.0869565217391304	0	0	0
N47K	0	0	0	0	0	0	0	0.25	0	0.0833333333333333	0	0	0	0	0	0	0	0
T48I	0	0	0	0	0	0	0.0526315789473684	0	0.0555555555555556	0.0833333333333333	0	0	0	0	0	0	0	0
T48R	0	0	0	0	0	0	0.105263157894737	0	0.0555555555555556	0	0	0	0	0	0	0	0	0
T48A	0	0	0	0	0	0	0	0	0	0	0	0	0.0555555555555556	0	0.0434782608695652	0	0	0
T48I	0	0	0	0	0.0740740740740741	0	0	0	0.0555555555555556	0	0	0	0	0	0	0	0	0
E50K	0	0	0	0	0	0	0	0	0	0.0833333333333333	0	0.3	0	0.266666666666667	0.173913043478261	0.333333333333333	0.444444444444444	0.384615384615385
E50K	0	0	0	0	0	0.0833333333333333	0.0526315789473684	0	0	0	0	0	0	0	0	0	0	0
E50K	0	0	0	0	0	0.0833333333333333	0	0	0.111111111111111	0	0	0	0	0	0	0	0	0
V52M	0	0	0	0	0	0	0	0	0	0	0	0	0	0.0666666666666667	0	0.111111111111111	0	0
L54V	0	0	0	0	0	0	0.105263157894737	0	0.0555555555555556	0	0	0	0	0	0	0	0	0
T55I	0	0	0.0714285714285714	0.0238095238095238	0.296296296296296	0.25	0.105263157894737	0.25	0.166666666666667	0.0833333333333333	0	0.2	0.277777777777778	0	0	0	0	0
T55S	0	0	0	0	0	0	0	0	0	0	0	0	0	0.0666666666666667	0.173913043478261	0.111111111111111	0.333333333333333	0.230769230769231
N56K	0	0	0	0	0	0	0	0	0	0	0	0.1	0.0555555555555556	0.2	0.0869565217391304	0	0	0
T57N	0	0	0	0	0	0	0.0526315789473684	0.125	0	0	0	0	0	0	0	0	0	0
T57I	0	0	0	0	0	0	0	0	0	0	0	0	0.0555555555555556	0	0.0434782608695652	0	0	0
T57I	0	0	0	0	0.037037037037037	0	0.105263157894737	0.125	0.0555555555555556	0.333333333333333	0.333333333333333	0.4	0.333333333333333	0.133333333333333	0.0869565217391304	0	0	0
T58I	0	0	0.0714285714285714	0.119047619047619	0	0	0.0526315789473684	0	0	0	0	0	0	0	0	0	0	0
K61R	0	0	0	0	0	0	0	0	0	0	0	0	0.111111111111111	0.4	0.565217391304348	0.333333333333333	0.333333333333333	0.153846153846154
I63V	0	0	0	0.0476190476190476	0.0740740740740741	0	0.0526315789473684	0.25	0	0.0833333333333333	0	0	0	0	0	0	0	0
I63T	0	0	0	0	0	0	0.0526315789473684	0	0.111111111111111	0	0	0	0	0	0	0	0	0
I63V	0	0	0	0	0	0	0	0	0	0	0	0	0	0.0666666666666667	0.130434782608696	0.111111111111111	0.111111111111111	0
I63K	0	0	0	0	0	0	0	0	0	0.0833333333333333	0.333333333333333	0	0.111111111111111	0	0.0434782608695652	0	0.111111111111111	0
I63T	0	0	0	0	0	0.0833333333333333	0	0	0.111111111111111	0	0	0	0	0	0	0	0	0
I63V	0	0	0	0	0	0	0	0	0.0555555555555556	0.166666666666667	0	0.1	0.0555555555555556	0	0.0434782608695652	0	0	0
K66T	0	0	0	0	0	0	0	0	0	0	0	0	0	0	0	0	0.111111111111111	0.0769230769230769
L67P	0	0	0	0	0	0	0	0	0	0	0	0	0.0555555555555556	0	0	0.111111111111111	0	0.153846153846154
L67P	0	0	0	0	0	0	0	0.125	0	0	0	0	0	0	0	0.222222222222222	0.111111111111111	0.230769230769231
L67P	0	0	0	0	0	0.0833333333333333	0	0	0.111111111111111	0	0	0	0	0	0	0	0	0
A68T	0	0	0	0	0	0	0	0	0	0	0	0.1	0.111111111111111	0.2	0.0869565217391304	0.111111111111111	0	0.153846153846154
A68V	0	0	0	0	0	0	0.105263157894737	0	0	0	0	0	0	0	0	0	0	0
A68P	0	0	0	0	0	0	0	0	0	0	0	0	0	0	0	0	0.111111111111111	0.153846153846154
E69K	0	0	0	0	0	0.0833333333333333	0	0	0.111111111111111	0	0	0	0	0	0	0	0	0
E69G	0	0	0	0	0	0	0.0526315789473684	0.125	0.0555555555555556	0.25	0.333333333333333	0.3	0.277777777777778	0.0666666666666667	0.0869565217391304	0	0	0
G69E	0	0	0	0	0	0	0	0	0	0	0	0.1	0.0555555555555556	0.0666666666666667	0	0	0	0
R71K	0	0	0	0	0	0.0833333333333333	0	0	0.111111111111111	0	0	0	0	0	0	0	0	0
N72S	0	0	0	0	0	0	0	0	0	0	0	0	0	0	0.391304347826087	0.222222222222222	0.333333333333333	0.153846153846154
N72S	0	0	0	0	0	0	0	0	0.0555555555555556	0.0833333333333333	0	0	0	0	0	0	0	0
N72D	0	0	0	0	0	0	0	0.125	0	0	0	0	0	0	0	0.222222222222222	0.111111111111111	0.230769230769231
D72S	0.5	0	0.0714285714285714	0.0238095238095238	0.037037037037037	0.0833333333333333	0.0526315789473684	0	0	0.0833333333333333	0.333333333333333	0	0.111111111111111	0	0.0434782608695652	0	0.111111111111111	0
K79N	0.5	1	1	0.976190476190476	0.962962962962963	1	1	1	0.888888888888889	1	1	0.8	0.777777777777778	1	1	1	1	1
N79K	0	0	0	0	0	0	0	0	0	0	0	0.2	0.222222222222222	0	0	0	0	0
K79N	0	0	0	0	0	0	0	0	0.111111111111111	0	0	0	0	0	0	0	0	0
T81K	0	0	0	0	0	0	0	0	0	0	0	0.1	0.111111111111111	0.2	0.0869565217391304	0.111111111111111	0	0.153846153846154
A84V	0	0	0	0	0	0	0.0526315789473684	0	0.0555555555555556	0.0833333333333333	0	0	0	0	0	0	0	0
P112L	0	0	0	0	0	0	0.0526315789473684	0	0.111111111111111	0	0	0	0	0	0	0	0	0
P112S	0	0	0	0	0	0.0833333333333333	0.0526315789473684	0	0	0	0	0	0	0	0	0	0	0
P112H	0	0	0	0	0	0	0	0	0.111111111111111	0	0	0	0	0	0	0	0	0
D113N	0	0	0	0	0.0740740740740741	0	0	0.125	0.111111111111111	0	0	0.2	0.277777777777778	0	0	0	0	0
D113G	0.5	0	0	0.0238095238095238	0	0.0833333333333333	0.0526315789473684	0	0	0	0	0	0	0	0	0	0	0
D113V	0	0	0	0	0.0740740740740741	0	0	0	0.0555555555555556	0	0	0	0	0	0	0	0	0
D113N	0	0.333333333333333	0	0.0476190476190476	0	0	0.0526315789473684	0	0.0555555555555556	0.0833333333333333	0	0	0	0	0	0	0	0
D113E	0	0	0	0	0	0	0	0	0	0	0	0.1	0.0555555555555556	0.0666666666666667	0	0	0	0
G129R	0	0	0	0	0	0	0.0526315789473684	0	0.0555555555555556	0	0	0	0	0	0	0	0	0
G129R	0	0.333333333333333	0	0.0476190476190476	0	0	0.0526315789473684	0	0.0555555555555556	0.0833333333333333	0	0	0	0	0	0	0	0
N133D	0	0	0	0	0	0	0	0.125	0	0	0	0	0	0	0	0.222222222222222	0.111111111111111	0.230769230769231
N133D	0	0	0	0	0	0	0	0	0.111111111111111	0	0	0	0	0	0	0	0	0
N133D	0	0	0	0	0.037037037037037	0	0.105263157894737	0.125	0.0555555555555556	0.333333333333333	0.333333333333333	0.4	0.333333333333333	0.133333333333333	0.0869565217391304	0	0	0
I135V	0.5	1	1	0.952380952380952	0.925925925925926	1	0.789473684210526	0.75	0.944444444444444	0.666666666666667	0.666666666666667	0.6	0.666666666666667	0.866666666666667	0.91304347826087	1	1	1
V135I	0	0	0	0	0	0	0.105263157894737	0.125	0	0	0	0	0	0	0	0	0	0
H136R	0	0	0	0	0.0740740740740741	0	0	0	0	0	0	0	0	0	0	0	0	0
S147N	0.5	1	1	0.952380952380952	0.962962962962963	1	1	1	1	0.916666666666667	1	0.7	1	0.533333333333333	0.826086956521739	0.666666666666667	0.555555555555556	0.615384615384615
N147S	0	0	0	0	0	0	0	0	0	0	0	0	0	0.2	0	0	0	0
N147S	0	0	0	0	0	0	0	0	0	0.0833333333333333	0	0.3	0	0.266666666666667	0.173913043478261	0.333333333333333	0.444444444444444	0.384615384615385
I162M	0	0.333333333333333	0.928571428571429	0.880952380952381	0.814814814814815	0.833333333333333	0.736842105263158	0.75	0.666666666666667	0.333333333333333	0.333333333333333	0.3	0.555555555555556	0.6	0.695652173913043	0.444444444444444	0.333333333333333	0.384615384615385
M162I	0	0	0	0	0	0	0.0526315789473684	0	0.0555555555555556	0.0833333333333333	0	0	0	0	0	0	0	0
I162M	0	0	0	0	0.0740740740740741	0	0	0	0.0555555555555556	0	0	0	0	0	0	0	0	0
H170Y	0	0	0	0	0	0	0.0526315789473684	0	0.111111111111111	0	0	0	0	0	0	0	0	0
I180V	0	0	0.214285714285714	0.0714285714285714	0.185185185185185	0.0833333333333333	0.0526315789473684	0.375	0.166666666666667	0.0833333333333333	0	0.1	0.222222222222222	0.6	0.652173913043478	0.444444444444444	0.333333333333333	0.307692307692308
N183D	0	0	0	0	0.037037037037037	0	0.105263157894737	0	0	0	0	0	0	0	0	0	0	0
N183D	0	0	0	0	0	0	0	0	0	0.0833333333333333	0.333333333333333	0	0.111111111111111	0	0.0434782608695652	0	0.111111111111111	0
N183D	0	0.333333333333333	0	0.0476190476190476	0	0	0.0526315789473684	0	0.0555555555555556	0.0833333333333333	0	0	0	0	0	0	0	0
D185N	0.5	0.666666666666667	1	0.928571428571429	0.925925925925926	1	0.842105263157895	1	0.888888888888889	0.833333333333333	1	1	0.944444444444444	0.8	1	0.777777777777778	0.888888888888889	0.769230769230769
N185D	0	0	0	0	0	0	0	0	0	0	0	0	0.0555555555555556	0.2	0	0	0	0
N185S	0	0	0	0	0.037037037037037	0	0.105263157894737	0	0	0	0	0	0	0	0	0	0	0
N185H	0	0	0	0	0	0	0	0	0.0555555555555556	0.0833333333333333	0	0	0	0	0	0	0	0
N185D	0	0	0	0	0	0	0	0	0	0	0	0	0	0	0	0.222222222222222	0.111111111111111	0.230769230769231
N185E	0	0	0	0.0476190476190476	0	0	0.0526315789473684	0	0	0	0	0	0	0	0	0	0	0
E185K	0	0.333333333333333	0	0	0	0	0	0	0.0555555555555556	0.0833333333333333	0	0	0	0	0	0	0	0
F191L	0	0	0	0	0	0	0	0	0	0	0	0	0.111111111111111	0.4	0.565217391304348	0.333333333333333	0.333333333333333	0.153846153846154
N194D	0	0	0	0	0	0	0	0	0	0	0	0	0.0555555555555556	0	0	0	0	0.0769230769230769
N194S	0	0	0	0	0	0	0.105263157894737	0	0.0555555555555556	0	0	0	0	0	0	0	0	0
R196K	0	0	0	0	0	0	0	0	0	0	0	0	0	0	0	0.222222222222222	0.111111111111111	0.230769230769231
V198A	0	0	0	0	0.0740740740740741	0	0	0	0	0	0	0	0	0	0	0	0	0
I201V	0	0	0	0	0	0	0	0	0	0	0.333333333333333	0	0	0	0	0	0	0
I201V	0	0	0	0	0	0	0	0	0	0	0	0.2	0.166666666666667	0	0	0	0	0
G202S	0	0	0	0	0	0	0.105263157894737	0	0.0555555555555556	0	0	0	0	0	0	0	0	0
N207K	0	0	0	0	0	0	0.105263157894737	0	0.111111111111111	0.166666666666667	0.333333333333333	0	0.0555555555555556	0	0	0	0	0.0769230769230769
N207D	0	0	0	0	0	0	0.0526315789473684	0	0.0555555555555556	0.0833333333333333	0	0	0	0	0	0	0	0
G221R	0	0	0	0	0	0	0	0	0	0	0	0	0.0555555555555556	0	0.0434782608695652	0	0	0
T222I	0	0	0	0	0.0740740740740741	0.0833333333333333	0	0	0	0	0	0	0	0	0	0	0	0
T224A	0	0	0	0	0	0	0	0	0	0	0	0	0.0555555555555556	0.0666666666666667	0	0	0	0
T224A	0	0	0	0	0	0	0	0	0.111111111111111	0.166666666666667	0.333333333333333	0	0.0555555555555556	0	0	0	0	0.0769230769230769
T224A	0	0	0	0	0.0740740740740741	0	0	0	0.0555555555555556	0	0	0	0	0	0	0	0	0
K235E	0	0	0	0	0	0	0	0	0	0	0	0	0.0555555555555556	0	0	0.111111111111111	0	0
K235E	0	0	0	0	0	0	0	0	0	0	0	0	0	0	0	0.222222222222222	0	0
K239R	0	0	0	0	0	0	0	0.125	0	0	0	0	0	0	0	0.222222222222222	0.111111111111111	0.230769230769231
I243V	0	0.333333333333333	0.928571428571429	0.880952380952381	0.814814814814815	0.833333333333333	0.789473684210526	0.75	0.722222222222222	0.416666666666667	0.333333333333333	0.3	0.5	0.6	0.695652173913043	0.333333333333333	0.333333333333333	0.230769230769231
V243I	0	0	0	0	0	0	0	0	0	0	0	0	0.0555555555555556	0	0	0.111111111111111	0	0.153846153846154
E244K	0	0	0	0	0	0.0833333333333333	0.0526315789473684	0	0	0	0	0	0	0	0	0	0	0
I248V	0	0	0	0	0	0	0.0526315789473684	0	0	0.0833333333333333	0	0	0	0	0	0	0	0
V249I	0.5	0	0.285714285714286	0.0476190476190476	0.185185185185185	0.25	0.0526315789473684	0.125	0.166666666666667	0.166666666666667	0.333333333333333	0.3	0.111111111111111	0.266666666666667	0.217391304347826	0.555555555555556	0.666666666666667	0.615384615384615
I249V	0	0.333333333333333	0.714285714285714	0.857142857142857	0.740740740740741	0.75	0.789473684210526	0.75	0.722222222222222	0.416666666666667	0.333333333333333	0.3	0.555555555555556	0.6	0.695652173913043	0.444444444444444	0.333333333333333	0.384615384615385
V249I	0	0	0	0	0	0	0	0	0	0	0	0.1	0.0555555555555556	0.0666666666666667	0	0	0	0
R250H	0.5	1	1	0.952380952380952	0.962962962962963	1	0.894736842105263	0.875	1	1	1	1	0.944444444444444	1	0.956521739130435	1	1	1
H250R	0	0	0	0	0	0	0.105263157894737	0.125	0	0	0	0	0	0	0	0	0	0
H250Y	0	0	0	0	0	0	0	0	0	0	0	0	0.0555555555555556	0	0.0434782608695652	0	0	0
I251V	0	0	0	0	0.037037037037037	0	0.105263157894737	0	0	0	0	0	0	0	0	0	0	0
K253T	0.5	0.666666666666667	1	0.928571428571429	0.888888888888889	1	0.842105263157895	0.875	0.777777777777778	0.833333333333333	1	0.8	0.722222222222222	1	1	1	1	1
T253K	0	0	0	0	0	0	0.105263157894737	0	0	0	0	0	0	0	0	0	0	0
T253A	0	0	0	0	0.0740740740740741	0	0	0.125	0.111111111111111	0	0	0.2	0.277777777777778	0	0	0	0	0
T253P	0	0	0	0	0	0	0	0	0.0555555555555556	0.0833333333333333	0	0	0	0	0	0	0	0
T253A	0	0.333333333333333	0	0.0476190476190476	0	0	0.0526315789473684	0	0.0555555555555556	0.0833333333333333	0	0	0	0	0	0	0	0
S255L	0	0	0	0	0.0740740740740741	0	0	0	0.0555555555555556	0	0	0	0	0	0	0	0	0
S270Y	0	0.333333333333333	0	0.0476190476190476	0	0	0.0526315789473684	0	0.0555555555555556	0.0833333333333333	0	0	0	0	0	0	0	0
Y270F	0.5	0.333333333333333	1	0.904761904761905	0.925925925925926	1	0.842105263157895	0.875	0.888888888888889	0.583333333333333	0.666666666666667	0.6	0.666666666666667	0.866666666666667	0.91304347826087	0.777777777777778	0.888888888888889	0.769230769230769
F270S	0	0	0	0	0	0	0	0	0	0	0	0	0	0	0	0.222222222222222	0.111111111111111	0.230769230769231
P271S	0	0	0	0	0	0	0	0	0	0	0	0	0.0555555555555556	0.0666666666666667	0	0	0	0
P271H	0	0	0	0	0	0	0	0	0	0	0	0	0	0	0.0434782608695652	0	0	0.153846153846154
H271N	0	0	0	0	0	0	0	0	0	0	0	0	0	0	0	0	0.111111111111111	0.0769230769230769
G272D	0	0	0	0	0.0740740740740741	0	0	0	0	0	0	0	0	0	0	0	0	0
G272D	0	0	0	0	0.0740740740740741	0	0	0.125	0.111111111111111	0	0	0.2	0.277777777777778	0	0	0	0	0
G272S	0	0	0	0	0	0	0	0	0	0.0833333333333333	0	0.3	0	0.266666666666667	0.173913043478261	0.333333333333333	0.444444444444444	0.384615384615385
I288V	0	0	0	0	0	0	0	0	0	0	0.333333333333333	0	0	0	0	0	0	0
I288V	0	0	0	0	0	0	0	0.125	0	0	0	0	0	0	0	0.222222222222222	0.111111111111111	0.230769230769231
V289I	0	0	0	0	0	0	0	0	0	0.0833333333333333	0	0	0.111111111111111	0	0.0434782608695652	0	0.111111111111111	0
N292D	0	0	0	0	0	0	0	0.125	0.111111111111111	0	0	0	0	0	0	0	0	0
V293I	0	0.333333333333333	0	0.0476190476190476	0	0	0.0526315789473684	0	0.0555555555555556	0.0833333333333333	0	0	0	0	0	0	0	0
D295N	0	0.333333333333333	0.928571428571429	0.880952380952381	0.814814814814815	0.833333333333333	0.789473684210526	0.75	0.722222222222222	0.416666666666667	0.333333333333333	0.3	0.555555555555556	0.6	0.695652173913043	0.444444444444444	0.333333333333333	0.384615384615385
D295N	0.5	0	0	0.0238095238095238	0	0.0833333333333333	0.0526315789473684	0	0	0	0	0	0	0	0	0	0	0
H296Y	0.5	0.666666666666667	1	0.952380952380952	0.925925925925926	1	0.894736842105263	0.875	0.944444444444444	0.666666666666667	0.666666666666667	0.6	0.666666666666667	0.866666666666667	0.91304347826087	1	1	1
V298I	0.5	0.333333333333333	1	0.952380952380952	0.925925925925926	0.916666666666667	0.842105263157895	0.875	0.777777777777778	0.583333333333333	0.666666666666667	0.6	0.666666666666667	0.866666666666667	0.91304347826087	1	1	1
I298A	0	0	0	0	0	0.0833333333333333	0	0	0.111111111111111	0	0	0	0	0	0	0	0	0
I298T	0	0.333333333333333	0	0	0	0	0.0526315789473684	0	0.0555555555555556	0.0833333333333333	0	0	0	0	0	0	0	0
V298A	0	0	0	0	0	0	0	0	0	0	0	0	0.0555555555555556	0	0	0	0	0
A298I	0	0	0	0	0	0	0	0	0.0555555555555556	0.166666666666667	0	0.1	0.0555555555555556	0	0.0434782608695652	0	0	0
K314E	0	0	0	0	0	0	0	0	0	0	0	0	0	0.133333333333333	0	0	0	0
K314Q	0	0	0	0	0	0	0	0	0	0	0.333333333333333	0	0	0	0	0	0	0
K314R	0	0	0	0	0	0	0	0	0	0.0833333333333333	0	0.3	0	0.266666666666667	0.173913043478261	0.333333333333333	0.444444444444444	0.384615384615385
K314E	0	0	0	0	0	0.0833333333333333	0.0526315789473684	0	0	0	0	0	0	0	0	0	0	0
N315S	0	0.333333333333333	0.714285714285714	0.619047619047619	0.740740740740741	0.583333333333333	0.578947368421053	0.875	0.888888888888889	0.583333333333333	0.666666666666667	0.6	0.666666666666667	0.866666666666667	0.91304347826087	1	1	1
S315G	0	0	0.285714285714286	0.261904761904762	0.185185185185185	0.333333333333333	0.210526315789474	0	0	0	0	0	0	0	0	0	0	0
S315N	0.5	0	0	0.0238095238095238	0	0.0833333333333333	0.0526315789473684	0	0	0	0	0	0	0	0	0	0	0
F318L	0	0.333333333333333	0	0.0476190476190476	0.0740740740740741	0.0833333333333333	0.0526315789473684	0	0.222222222222222	0.0833333333333333	0	0	0	0	0	0	0	0
L318F	0.5	0	0.0714285714285714	0.0238095238095238	0.037037037037037	0.0833333333333333	0.0526315789473684	0.125	0	0.166666666666667	0.333333333333333	0.3	0.111111111111111	0.266666666666667	0.217391304347826	0.555555555555556	0.555555555555556	0.538461538461538
F318V	0	0.333333333333333	0.928571428571429	0.880952380952381	0.740740740740741	0.833333333333333	0.789473684210526	0.75	0.722222222222222	0.416666666666667	0.333333333333333	0.3	0.555555555555556	0.6	0.695652173913043	0.444444444444444	0.333333333333333	0.384615384615385
V318A	0	0	0	0	0.0740740740740741	0	0	0	0	0	0	0	0	0	0	0	0	0
F318S	0	0	0	0	0	0	0	0	0	0	0	0	0	0	0	0	0.111111111111111	0.0769230769230769
S320N	0	0	0	0.0952380952380952	0.111111111111111	0	0	0	0	0	0	0	0	0	0	0	0	0
H322Y	0.5	0.666666666666667	1	0.952380952380952	0.851851851851852	1	0.894736842105263	0.875	0.888888888888889	0.666666666666667	0.666666666666667	0.6	0.666666666666667	0.866666666666667	0.91304347826087	1	1	1
Y322N	0	0	0	0	0.0740740740740741	0	0	0	0.0555555555555556	0	0	0	0	0	0	0	0	0
L324I	0	0	0	0	0	0.0833333333333333	0.0526315789473684	0	0	0	0	0	0	0	0	0	0	0
L324R	0	0.333333333333333	0	0	0	0	0	0	0.0555555555555556	0.0833333333333333	0	0	0	0	0	0	0	0
L324I	0	0	0	0	0	0	0.0526315789473684	0.125	0.0555555555555556	0.25	0.333333333333333	0.4	0.333333333333333	0.133333333333333	0.0869565217391304	0	0	0
D325N	0	0	0	0	0	0	0	0	0	0.0833333333333333	0	0	0.111111111111111	0	0.0434782608695652	0	0.111111111111111	0
D325N	0	0	0	0	0	0	0	0	0.111111111111111	0	0	0	0	0	0	0	0	0
