Q5K	0	0	0	0	0	0	NaN	0	0	0	0	0	0	0	0.0333333333333333	0	0	0
Q5K	0	0	0	0	0	0	NaN	0	0	0.0384615384615385	0.0350877192982456	0	0	0	0	0	0	0
K6R	0	0	0	0	0	0	NaN	0	0	0	0	0.024390243902439	0.0298507462686567	0	0	0	0	0
I8M	0	0	0	0	0	0	NaN	0	0	0	0	0	0	0	0	0	0.0204081632653061	0.0181818181818182
S12F	0	0	0	0	0	0	NaN	0	0	0	0	0	0.0149253731343284	0	0.0166666666666667	0	0	0
V13I	0	0	0	0	0.25	0	NaN	0.5	0.866666666666667	0.807692307692308	0.596491228070175	0.707317073170732	0.850746268656716	0.648648648648649	0.9	0.846153846153846	1	1
T16I	0	0	0	0	0	0	NaN	0	0	0	0	0	0.0149253731343284	0.108108108108108	0	0.0384615384615385	0	0
T16V	0	0	0	0	0	0	NaN	0	0	0	0	0	0	0	0.05	0	0	0
I17L	0	0	0	0	0.5	0	NaN	0.5	0.866666666666667	0.807692307692308	0.596491228070175	0.707317073170732	0.805970149253731	0.594594594594595	0.733333333333333	0.692307692307692	0.816326530612245	0.872727272727273
L17I	0	0	0	0	0	0	NaN	0	0	0	0	0	0.0447761194029851	0.0540540540540541	0.15	0.0384615384615385	0.183673469387755	0.0363636363636364
I17L	0	0	0	0	0	0	NaN	0	0	0	0	0	0	0	0.0166666666666667	0.0769230769230769	0	0
I17L	0	0	0	0	0	0	NaN	0	0	0	0	0	0	0	0	0.0384615384615385	0	0.0909090909090909
A18T	0	0	0	0	0	0	NaN	0	0	0	0	0	0.0149253731343284	0.027027027027027	0	0	0	0
T19A	0	0	0	0	0.25	0	NaN	0.5	0.866666666666667	0.807692307692308	0.596491228070175	0.609756097560976	0.835820895522388	0.621621621621622	0.883333333333333	0.846153846153846	1	1
A19G	0	0	0	0	0	0	NaN	0	0	0	0	0.0975609756097561	0	0	0	0	0	0
A19V	0	0	0	0	0	0	NaN	0	0	0	0	0	0.0149253731343284	0.027027027027027	0.0166666666666667	0	0	0
M20V	0	0	0	0	0	0	NaN	0	0	0	0	0.024390243902439	0.0149253731343284	0	0	0	0	0
F22L	0	0	0	0	0	0	NaN	0	0.133333333333333	0.153846153846154	0.403508771929825	0.292682926829268	0.149253731343284	0.351351351351351	0.05	0.153846153846154	0	0
L23F	0	0	0	0	0	0	NaN	0	0	0	0	0	0	0	0.05	0.0769230769230769	0.122448979591837	0
M24T	0.285714285714286	0	0	0	0	0	NaN	0	0	0	0	0	0	0	0	0	0	0
I26T	0	0	0	0	0	0	NaN	0	0	0	0.0175438596491228	0.024390243902439	0.104477611940299	0.189189189189189	0.35	0.423076923076923	0.73469387755102	0.872727272727273
I26T	0	0	0	0	0	0	NaN	0	0	0	0	0	0	0	0	0.0384615384615385	0.0204081632653061	0
I26T	0	0	0	0	0	0	NaN	0	0	0	0	0	0	0.027027027027027	0.0666666666666667	0.0384615384615385	0	0
I26V	0	0	0	0	0	0	NaN	0	0	0	0	0	0	0	0.05	0	0	0
A27V	0	0	0	0	0	0	NaN	0	0	0	0	0	0	0	0.0333333333333333	0	0	0
A27T	0	0	0	0	0	0	NaN	0	0	0	0	0	0.0298507462686567	0.243243243243243	0	0.0384615384615385	0	0
V30I	0	0	0	0	0	0	NaN	0	0	0	0	0.121951219512195	0.0447761194029851	0.0540540540540541	0	0.0384615384615385	0	0
V30I	0	0	0	0	0	1	NaN	0	0	0.0384615384615385	0	0	0	0	0.05	0	0	0
T31N	0	0	0	0	0	0	NaN	0	0	0	0	0	0	0	0	0	0.0408163265306122	0
N32T	0	0	0	0	0	0	NaN	0	0	0	0	0	0	0	0.0333333333333333	0.0384615384615385	0	0
V33I	0	0	0	0	0	0	NaN	0	0	0	0	0	0	0	0.0333333333333333	0.0384615384615385	0	0
V33I	0	0	0	0	0	0	NaN	0	0	0	0	0.0975609756097561	0.0149253731343284	0	0	0	0	0
T34K	0	0	0	0	0	0	NaN	0	0	0	0	0	0	0	0.0166666666666667	0	0.0204081632653061	0
T34K	0	0	0	0	0	0	NaN	0	0	0	0	0	0	0	0	0	0.0408163265306122	0
L35F	0	0	0	0	0	0	NaN	0	0	0	0	0	0	0	0.0333333333333333	0.0384615384615385	0	0
H36Q	0	0	0	0	0	0	NaN	0	0	0	0	0	0	0.027027027027027	0.0833333333333333	0	0	0
H36Q	0	0	0	0	0	0	NaN	0	0	0	0.0701754385964912	0	0.0298507462686567	0	0.0166666666666667	0.0769230769230769	0.102040816326531	0.0181818181818182
H36Q	0	0	0	0	0	0	NaN	0	0	0	0.0175438596491228	0.024390243902439	0.0149253731343284	0	0	0	0	0
F37P	0	0	0	0	0	0	NaN	0	0	0	0	0	0	0	0	0	0.0408163265306122	0.0727272727272727
F37S	0	0	0	0	0	0	NaN	0	0	0	0.298245614035088	0.292682926829268	0.119402985074627	0.351351351351351	0	0.115384615384615	0	0
N38D	0	0	0	0	0	0	NaN	0	0	0	0	0	0	0	0.0333333333333333	0	0	0
Y40C	0	0	0	0	0.25	0	NaN	0.5	0.866666666666667	0.807692307692308	0.596491228070175	0.707317073170732	0.82089552238806	0.648648648648649	0.85	0.807692307692308	1	1
C40S	0	0	0	0	0	0	NaN	0	0	0	0	0	0	0	0.0333333333333333	0.0384615384615385	0	0
C40Y	0	0	0	0	0	0	NaN	0	0	0	0	0	0.0298507462686567	0	0.0166666666666667	0	0	0
C42Y	0	0	0	0	0	0	NaN	0	0	0	0	0	0.0149253731343284	0.027027027027027	0	0.0384615384615385	0	0
C42Y	0	0	0	0	0	0	NaN	0	0	0.0769230769230769	0.0175438596491228	0	0.0149253731343284	0.027027027027027	0.0833333333333333	0.0384615384615385	0.0408163265306122	0.0727272727272727
C42Y	0	0	0	0	0	0	NaN	0	0	0	0	0	0.0149253731343284	0	0	0	0	0.0181818181818182
Y42C	0	0	0	0	0	0	NaN	0	0	0	0	0	0	0	0.0666666666666667	0.0384615384615385	0	0
C42Y	0	0	0	0	0	0	NaN	0	0.0666666666666667	0.0384615384615385	0	0.024390243902439	0.0298507462686567	0	0	0	0	0
N43H	0	0	0	0	0	0	NaN	0	0.8	0.769230769230769	0.596491228070175	0.707317073170732	0.82089552238806	0.648648648648649	0.9	0.846153846153846	1	0.945454545454545
H43L	0	0	0	0	0	0	NaN	0	0	0	0	0	0	0	0	0	0	0.0545454545454545
H43Q	0	0	0	0	0	0	NaN	0	0	0	0	0	0.0298507462686567	0	0	0	0	0
Y44S	0	0	0	0	0	0	NaN	0	0	0	0	0	0	0	0	0	0.0816326530612245	0
Y44H	0	0	0	0	0	0	NaN	0	0	0	0	0	0.0149253731343284	0.135135135135135	0	0	0	0
P45S	0	0	0	0	0	0	NaN	0	0	0	0	0	0	0	0	0	0.0204081632653061	0.109090909090909
P46L	0	0	0	0	0	0	NaN	0	0	0	0	0	0.0447761194029851	0	0	0	0	0
N47K	0	0	0	0	0	0	NaN	0	0	0	0	0	0	0	0	0	0.0204081632653061	0.0727272727272727
N47T	0	0.5	0	0	0	0	NaN	0	0	0	0	0	0	0	0	0	0	0
V50A	0	0	0	0	0	0	NaN	0	0	0	0	0	0	0	0.0166666666666667	0.0384615384615385	0	0
V50A	0	0	0	0	0	0	NaN	0	0	0	0	0	0.0298507462686567	0	0	0	0	0
V50A	0	0	0	0	0	0	NaN	0	0	0	0	0	0	0	0	0	0.102040816326531	0.0181818181818182
V50A	0	0	0	0	0	0	NaN	0	0	0	0.0350877192982456	0	0	0	0	0	0	0
I51T	0	0	0	0	0	0	NaN	0	0	0	0	0	0	0	0	0	0.0204081632653061	0.0181818181818182
I51T	0	0	0	0	0	0	NaN	0	0	0	0	0	0.0298507462686567	0.0540540540540541	0.0833333333333333	0.153846153846154	0.102040816326531	0.0181818181818182
T51I	0	0	0	0	0	0	NaN	0	0	0	0	0	0.0149253731343284	0.027027027027027	0.0333333333333333	0.0384615384615385	0	0
I51M	0	0	0	0	0	0	NaN	0	0	0	0	0	0.0149253731343284	0.0540540540540541	0.0333333333333333	0	0	0
I51T	0	0	0	0	0	0	NaN	0	0	0	0	0	0	0	0.05	0	0	0
I51T	0	0	0	0	0	0	NaN	0	0	0	0	0	0.0447761194029851	0.027027027027027	0.0666666666666667	0.0384615384615385	0	0.0181818181818182
I51M	0	0	0	0	0	0	NaN	0	0	0.0769230769230769	0	0	0	0	0	0	0	0
I51T	0	0	0	0	0	0	NaN	0	0	0	0	0	0	0	0	0	0.102040816326531	0.0181818181818182
I51T	0	0	0	0	0	0	NaN	0	0	0	0	0	0.0149253731343284	0	0	0.0384615384615385	0	0
I57M	0	0	0	0	0	0	NaN	0	0	0	0	0	0	0	0	0	0	0.0909090909090909
I57T	0	0	0	0	0	0	NaN	0	0	0.0384615384615385	0	0.024390243902439	0	0	0	0	0	0
I57T	0.285714285714286	0	0	0	0	0	NaN	0	0	0	0	0	0	0	0	0	0	0
I58T	0	0	0	0	0	0	NaN	0	0	0	0	0	0	0	0.0333333333333333	0	0	0
I58T	0	0	0	0	0	0	NaN	0	0	0.0769230769230769	0.0175438596491228	0	0.0149253731343284	0.027027027027027	0.0833333333333333	0.0384615384615385	0.0408163265306122	0.0727272727272727
I58L	0	0	0	0	0	0	NaN	0	0	0	0	0	0	0	0.0166666666666667	0.0384615384615385	0	0
E59K	0	0	0	0	0	0	NaN	0	0.133333333333333	0.153846153846154	0.403508771929825	0.292682926829268	0.149253731343284	0.351351351351351	0.05	0.153846153846154	0	0
I62T	0	0	0	0	0	0	NaN	0	0.0666666666666667	0.0384615384615385	0.0350877192982456	0.0487804878048781	0.223880597014925	0.27027027027027	0.483333333333333	0.615384615384615	0.836734693877551	0.890909090909091
I62T	0	0	0	0	0	0	NaN	0	0	0	0	0.0731707317073171	0	0	0	0	0	0
I62T	0	0	0	0	0	0	NaN	0	0	0	0	0	0	0	0	0	0.102040816326531	0.0181818181818182
I62T	0	0	0	0	0	0	NaN	0	0	0	0.0350877192982456	0	0	0	0	0	0	0
E64K	0	0	0	0	0.75	0	NaN	0.5	0.866666666666667	0.807692307692308	0.596491228070175	0.609756097560976	0.791044776119403	0.621621621621622	0.8	0.769230769230769	0.693877551020408	0.363636363636364
K64R	0	0	0	0	0	0	NaN	0	0	0	0	0	0	0	0.0333333333333333	0.0384615384615385	0.306122448979592	0.618181818181818
K64N	0	0	0	0	0	0	NaN	0	0	0	0	0.0731707317073171	0	0	0	0	0	0
K64E	0	0	0	0	0	0	NaN	0	0	0	0	0.024390243902439	0.0597014925373134	0.027027027027027	0.0666666666666667	0.0384615384615385	0	0.0181818181818182
V66M	0	0	0	0	0	0	NaN	0	0.0666666666666667	0	0.0350877192982456	0.0975609756097561	0.0895522388059701	0.0810810810810811	0.133333333333333	0	0	0
T69N	0	0	0	0	0	0	NaN	0	0	0	0	0.0487804878048781	0	0	0	0	0	0
T69A	0	0	0	0	0	0	NaN	0	0	0	0.263157894736842	0.268292682926829	0.0746268656716418	0.324324324324324	0	0.0769230769230769	0	0
T69A	0	0	0	0	0	0	NaN	0	0	0	0	0	0	0	0.05	0	0	0
T71I	0.285714285714286	0	0	0	0	0	NaN	0	0	0	0	0	0	0	0	0	0	0
I73V	0	0	0	0	0	0	NaN	0	0	0	0	0.024390243902439	0.0149253731343284	0	0	0	0	0
K75R	0	0	0	0	0	0	NaN	0	0	0	0	0	0	0	0	0.0384615384615385	0	0.0909090909090909
I77K	0	0	0	0	0.25	0	NaN	0.5	0.866666666666667	0.807692307692308	0.596491228070175	0.707317073170732	0.850746268656716	0.648648648648649	0.866666666666667	0.846153846153846	1	1
K77E	0	0	0	0	0	0	NaN	0	0	0	0	0	0	0	0.0333333333333333	0	0	0
I77M	0	0	0	0	0	0	NaN	0	0	0	0.0350877192982456	0	0.0298507462686567	0.189189189189189	0	0.0384615384615385	0	0
M77I	0	0	0	0	0	0	NaN	0	0	0	0	0	0	0.0540540540540541	0	0	0	0
M77I	0	0	0	0	0	0	NaN	0	0	0	0	0.024390243902439	0	0.027027027027027	0	0	0	0
L81P	0	0	0	0	0	0	NaN	0	0	0	0	0	0	0	0	0	0.0408163265306122	0
L81Q	0	0	0	0	0	0	NaN	0	0	0	0.0175438596491228	0.024390243902439	0.104477611940299	0.027027027027027	0.0166666666666667	0	0	0
A82V	0	0	0	0	0	0	NaN	0	0	0	0	0	0	0	0.0833333333333333	0	0	0
A82S	0	0	0	0	0	0	NaN	0	0	0	0	0	0.0298507462686567	0	0.05	0.0384615384615385	0	0
E83K	0	0	0	0	0	0	NaN	0	0	0	0	0	0	0	0.0333333333333333	0	0	0
N86T	0	0	0	0	0	0	NaN	0	0	0	0	0	0	0	0.05	0	0	0
N86S	0	0	0	0	0	0	NaN	0	0.2	0.0769230769230769	0.245614035087719	0.463414634146341	0.373134328358209	0.243243243243243	0.116666666666667	0.0769230769230769	0.0204081632653061	0
S86N	0	0	0	0	0	0	NaN	0	0	0	0.0350877192982456	0.0975609756097561	0.0895522388059701	0.0810810810810811	0.133333333333333	0	0	0
K89M	0	0	0	0	0	0	NaN	0	0	0	0	0	0	0	0	0	0.0408163265306122	0
K93R	0	0	0	0	0	0	NaN	0	0	0	0	0	0	0	0	0.0384615384615385	0.306122448979592	0.618181818181818
T95A	0	0	0	0	0	0	NaN	0	0	0	0.0350877192982456	0	0	0	0	0	0	0
D127E	0	0	0	0	0	0	NaN	0	0	0	0	0	0	0	0.05	0	0	0
N141D	0	0	0	0	0	0	NaN	0	0	0	0	0	0.0149253731343284	0.108108108108108	0.166666666666667	0.269230769230769	0.551020408163265	0.745454545454545
D147N	0	0	0	0	0	0	NaN	0	0	0	0	0	0.0149253731343284	0.108108108108108	0.166666666666667	0.269230769230769	0.551020408163265	0.745454545454545
D147N	0	0	0	0	0	0	NaN	0	0	0	0	0	0.0298507462686567	0	0	0	0	0
D147N	0	0	0	0	0	0	NaN	0	0	0	0	0	0.0298507462686567	0	0	0	0	0
D147N	0	0	0	0	0	0	NaN	0	0	0	0	0	0.0895522388059701	0.027027027027027	0	0	0	0
D147G	0	0	0	0	0	0	NaN	0	0	0	0	0	0	0	0.0166666666666667	0	0.0408163265306122	0.0727272727272727
D147N	0	0	0	0	0.25	0	NaN	0	0.0666666666666667	0	0	0	0	0	0	0	0	0
V149F	0	0	0	0	0.25	0	NaN	0.5	0.866666666666667	0.807692307692308	0.596491228070175	0.707317073170732	0.850746268656716	0.648648648648649	0.9	0.846153846153846	1	1
I165V	0	0	0	0	0	0	NaN	0	0	0.115384615384615	0.0701754385964912	0	0	0	0	0	0	0
I165V	0	0	0	0.5	0	1	NaN	0	0	0.0384615384615385	0	0	0	0	0.05	0	0	0
L169V	0	0	0	0	0.25	0	NaN	0	0.0666666666666667	0	0	0	0	0	0	0	0	0
W178G	0	0	0	0	0	0	NaN	0	0	0	0	0	0	0.0540540540540541	0	0	0	0
W178G	0	0	0	0	0	0	NaN	0	0	0	0	0	0.0149253731343284	0	0.0333333333333333	0	0	0
K187R	0	0	0.333333333333333	0.5	0	1	NaN	0	0.133333333333333	0.192307692307692	0.403508771929825	0.292682926829268	0.149253731343284	0.351351351351351	0.1	0.153846153846154	0	0
K199E	0	0	0	0	0.5	0	NaN	0.5	0.866666666666667	0.807692307692308	0.596491228070175	0.707317073170732	0.850746268656716	0.648648648648649	0.9	0.807692307692308	0.918367346938776	0.763636363636364
E199K	0	0	0	0	0	0	NaN	0	0	0	0	0	0	0	0	0	0	0.127272727272727
E199K	0	0	0	0	0	0	NaN	0	0	0	0	0	0	0	0	0	0.0204081632653061	0.109090909090909
E199K	0	0	0	0	0	0	NaN	0	0	0	0	0	0	0	0	0	0.0408163265306122	0
E199K	0	0	0	0	0	0	NaN	0	0	0	0	0	0	0	0	0.0384615384615385	0.0204081632653061	0
K199E	0	0	0	0	0.25	0	NaN	0	0	0	0	0	0	0	0	0	0	0
E199N	0.142857142857143	0	0.333333333333333	0.5	0	1	NaN	0	0.133333333333333	0.153846153846154	0.403508771929825	0.292682926829268	0.149253731343284	0.351351351351351	0.05	0.153846153846154	0	0
N199D	0	0	0	0	0	0	NaN	0	0	0.0384615384615385	0	0	0	0	0.05	0	0	0
R210K	0	0	0	0	0	0	NaN	0	0	0	0	0	0	0	0	0	0.102040816326531	0
V212A	0	0	0	0	0	0	NaN	0	0	0	0	0.0731707317073171	0.0597014925373134	0.027027027027027	0	0.0384615384615385	0	0
G216V	0	0	0	0	0	0	NaN	0	0	0	0	0	0	0	0	0	0	0.0363636363636364
G216V	0	0	0	0	0	0	NaN	0	0	0	0	0	0	0	0.05	0.0769230769230769	0.122448979591837	0
K221R	0	0	0	0	0	0	NaN	0	0	0	0	0	0	0	0	0.115384615384615	0	0
K221R	0	0	0	0	0	0	NaN	0	0	0	0	0	0	0.0540540540540541	0	0	0	0
K221R	0	0	0	0	0	0	NaN	0	0	0	0.0175438596491228	0.121951219512195	0.0447761194029851	0.0540540540540541	0	0.0384615384615385	0	0
K221Q	0.285714285714286	0	0	0	0	0	NaN	0	0	0	0	0	0	0	0	0	0	0
T238A	0	0	0	0	0	0	NaN	0	0	0	0.0175438596491228	0.0487804878048781	0	0	0	0	0	0
M241V	0	0	0.333333333333333	0.5	0	1	NaN	0	0	0.0384615384615385	0	0	0	0	0.05	0	0	0
R249I	0.571428571428571	0.5	0.666666666666667	1	0.25	1	NaN	0	0.133333333333333	0.192307692307692	0.403508771929825	0.292682926829268	0.149253731343284	0.351351351351351	0.0833333333333333	0.115384615384615	0	0
I249T	0	0	0	0	0	0	NaN	0	0	0	0	0	0	0	0.0166666666666667	0.0384615384615385	0	0
K253R	0	0	0	0	0	0	NaN	0	0	0	0	0	0	0	0	0	0	0.2
K253R	0	0	0	0	0	0	NaN	0	0	0	0	0	0.0149253731343284	0.027027027027027	0.116666666666667	0	0	0
E258V	0	0	0	0	0	0	NaN	0	0	0	0	0.0487804878048781	0	0	0	0	0	0
I263V	0	0	0	0	0	0	NaN	0	0	0	0.0701754385964912	0	0.0298507462686567	0	0.0166666666666667	0.0769230769230769	0.102040816326531	0.0181818181818182
I263V	0.857142857142857	0.5	1	1	0.25	1	NaN	0	0.133333333333333	0.192307692307692	0.403508771929825	0.292682926829268	0.149253731343284	0.351351351351351	0.1	0.153846153846154	0	0
I265V	0	0	0	0	0	0	NaN	0	0	0	0	0	0.0298507462686567	0.027027027027027	0	0	0	0
L269I	0	0	0	0	0.25	0	NaN	0.5	0.866666666666667	0.615384615384615	0.578947368421053	0.585365853658537	0.701492537313433	0.567567567567568	0.683333333333333	0.769230769230769	0.959183673469388	0.909090909090909
I269M	0	0	0	0	0	0	NaN	0	0	0	0	0	0.0149253731343284	0	0.0166666666666667	0	0	0
I269V	0	0	0	0	0	0	NaN	0	0	0	0	0.0975609756097561	0	0	0	0	0	0
I269R	0	0	0	0	0	0	NaN	0	0	0	0	0	0	0	0.0333333333333333	0	0	0
I269V	0	0	0	0	0	0	NaN	0	0	0	0	0	0.0298507462686567	0.027027027027027	0	0	0	0
V269I	0	0	0	0	0	0	NaN	0	0	0	0	0	0.0149253731343284	0	0.0166666666666667	0	0	0
I269V	0	0	0	0	0	0	NaN	0	0	0.192307692307692	0.0175438596491228	0.024390243902439	0.0895522388059701	0.0540540540540541	0.15	0.0769230769230769	0.0408163265306122	0.0909090909090909
L269S	0	0	0	0	0	0	NaN	0	0	0.0384615384615385	0.0350877192982456	0	0	0	0	0	0	0
S271N	0	0	0	0	0	0	NaN	0	0	0	0	0	0	0	0	0	0	0.0363636363636364
S271N	0	0	0	0	0	0	NaN	0	0	0	0	0	0	0	0	0.0384615384615385	0.0204081632653061	0
V275I	0.285714285714286	0	0	0	0	0	NaN	0	0	0	0	0	0	0	0	0	0	0
Y284S	0	0	0	0	0	0	NaN	0	0	0	0	0	0	0	0.0333333333333333	0	0	0
G286S	0	0	0	0	0	0	NaN	0	0	0.0769230769230769	0	0	0.0149253731343284	0	0	0	0	0
V307I	0	0	0	0	0	0	NaN	0	0	0	0	0	0	0	0.0333333333333333	0	0	0
D309N	0	0	0	0	0	0	NaN	0	0	0	0	0	0	0	0.0166666666666667	0	0.0204081632653061	0
V313I	0	0	0	0	0	0	NaN	0	0	0	0	0	0.0298507462686567	0.0540540540540541	0.133333333333333	0.0769230769230769	0.0612244897959184	0.109090909090909
I313T	0	0	0	0	0	0	NaN	0	0	0	0	0	0	0	0.0333333333333333	0.0769230769230769	0.122448979591837	0.0181818181818182
V313D	0	0	0	0	0	0	NaN	0	0	0	0	0	0	0	0.05	0.0769230769230769	0.0204081632653061	0
V313A	0	0	0	0	0	0	NaN	0	0	0	0	0	0	0.027027027027027	0.0666666666666667	0.0384615384615385	0	0
V313I	0	0	0	0	0	0	NaN	0	0	0	0	0	0.0298507462686567	0	0	0.0384615384615385	0	0
I313M	0	0	0	0	0	0	NaN	0	0	0	0	0	0	0	0.0166666666666667	0.0384615384615385	0.102040816326531	0.0181818181818182
V313G	0	0	0	0	0	0	NaN	0	0	0	0	0.0487804878048781	0	0	0	0	0	0
V313A	0.428571428571429	0.5	0.333333333333333	0	0	0	NaN	0	0	0	0	0	0	0	0	0	0	0
S315R	0	0	0	0	0	0	NaN	0	0	0	0	0	0.0298507462686567	0.243243243243243	0	0.0384615384615385	0	0
V317M	0	0	0	0	0	0	NaN	0	0	0	0.0175438596491228	0	0.0298507462686567	0	0.05	0.0384615384615385	0	0
K328I	0	0	0	0	0	0	NaN	0	0	0	0	0	0	0	0	0.0384615384615385	0	0.0909090909090909
K328I	0	0	0	0	0	0	NaN	0	0	0	0	0	0	0	0.0666666666666667	0	0	0
