Q5K	0	0.4	0	0.027027027027027	0	0	0	0	0	0	0	0	0	NaN	0
K6R	0	0.4	0	0.027027027027027	0	0	0	0	0	0	0	0	0	NaN	0
A13V	0	0.4	0	0.027027027027027	0.0333333333333333	0	0	0	0	0	0	0	0	NaN	0
I23L	0	0.4	0	0.027027027027027	0.0333333333333333	0	0	0	0	0	0	0	0	NaN	0
M24T	0	0	0	0.0810810810810811	0	0	0	0	0	0	0	0	0	NaN	0
T34K	0	0.4	0	0.027027027027027	0	0	0	0	0	0	0	0	0	NaN	0
S43N	0	0	0	0	0	0	0	0.125	0	0	0	1	0	NaN	0
S43N	0	0.4	0	0.027027027027027	0.0333333333333333	0	0	0	0	0	0	0	0	NaN	0
P46S	0	0	0	0.027027027027027	0.0333333333333333	0	0	0	0	0	0	0	0	NaN	0
S46P	0	0.4	0	0	0	0	0	0	0	0	0	0	0	NaN	0
M51R	0	0	0.285714285714286	0	0	0	0	0	0	0	0	0	0	NaN	0
M51I	0	0.4	0	0.027027027027027	0.0333333333333333	0	0	0	0	0	0	0	0	NaN	0
I58V	0	0	0	0	0.0333333333333333	0	0	0.125	0	0	0	0	0	NaN	0
V65I	0	0.4	0	0.027027027027027	0.0333333333333333	0	0	0	0	0	0	0	0	NaN	0
V66M	0	0	0	0	0	0	0	0.25	0	0	0	0	0	NaN	0
N86I	0	0	0	0	0	0	0	0.125	0	0	0	1	0	NaN	0
P126H	0	0	0	0.0540540540540541	0	0	0	0	0	0	0	0	0	NaN	0
N127D	0	0.4	0	0.027027027027027	0.0666666666666667	0	0	0	0	0	0	0	0	NaN	0
N141S	0	0.533333333333333	1	0.621621621621622	0.866666666666667	1	1	0.75	1	1	1	1	1	NaN	1
S141N	0	0	0	0	0	0	0	0.25	0	0	0	0	0	NaN	0
S141R	0	0	0	0.108108108108108	0	0	0	0	0	0	0	0	0	NaN	0
N141S	0	0	0	0.216216216216216	0.0666666666666667	0	0	0	0	0	0	0	0	NaN	0
D147G	0	0	0	0	0	0	0.5	0	0	0	0	0	0	NaN	0
D147N	0	0	0	0.027027027027027	0.0333333333333333	0	0	0	0	0	0	0	0	NaN	0
V165I	0	0	0	0	0	0.166666666666667	0.25	0.625	1	1	1	1	1	NaN	1
Y168H	0	0	0	0	0.0666666666666667	0	0	0	0	0	0	0	0	NaN	0
Y168H	0	0.4	0	0.027027027027027	0.0666666666666667	0	0	0	0	0	0	0	0	NaN	0
V192I	0	0	0	0.243243243243243	0.0666666666666667	0	0	0	0	0	0	0	0	NaN	0
I194V	0	0.4	0	0.027027027027027	0.0666666666666667	0	0	0	0	0	0	0	0	NaN	0
V212A	0	0.4	0	0.027027027027027	0	0	0	0	0	0	0	0	0	NaN	0
K221N	0	0	0	0	0.133333333333333	0	0	0	0	0	0	0	0	NaN	0
K221R	0	0.4	0	0	0	0	0	0	0	0	0	0	0	NaN	0
T238A	0	0	0	0.297297297297297	0.466666666666667	0.666666666666667	0.75	0.625	1	1	1	1	1	NaN	1
A238T	0	0	0	0.0540540540540541	0.0333333333333333	0	0	0	0	0	0	0	0	NaN	0
V240I	0	0.4	0	0.027027027027027	0	0	0	0	0	0	0	0	0	NaN	0
K249R	0	0.4	0	0.027027027027027	0.0666666666666667	0	0	0	0	0	0	0	0	NaN	0
K253R	0	0.4	0	0.027027027027027	0	0	0	0	0	0	0	0	0	NaN	0
I254V	0	0	0	0	0	0	0	0.5	1	1	1	0	1	NaN	1
I263V	0	0.4	0	0.027027027027027	0.0333333333333333	0	0	0	0	0	0	0	0	NaN	0
I265T	0	0.6	1	0.972972972972973	0.933333333333333	1	1	1	1	1	1	1	1	NaN	1
L269S	0	0.4	0	0.027027027027027	0.0333333333333333	0	0	0	0	0	0	0	0	NaN	0
V307I	0	0	0	0	0.133333333333333	0.666666666666667	0.75	0.625	1	1	1	1	1	NaN	1
D309N	0	0	0	0.243243243243243	0.0666666666666667	0	0	0	0	0	0	0	0	NaN	0
A313V	0	0.4	0	0.027027027027027	0.0666666666666667	0	0	0	0	0	0	0	0	NaN	0
M317V	0	0.4	0	0.027027027027027	0.0666666666666667	0	0	0	0	0	0	0	0	NaN	0
K328R	0	0	0	0.027027027027027	0.0333333333333333	0	0	0	0	0	0	0	0	NaN	0
