0	0	6	0	1	0	0	0	0	0	0	0	0	0	0	0	
0	0	6	0	1	0	0	0	0	0	0	0	0	0	0	0	
0	0	6	0	1	1	0	0	0	0	0	0	0	0	0	0	
0	0	6	0	1	1	0	0	0	0	0	0	0	0	0	0	
0	0	0	0	3	0	0	0	0	0	0	0	0	0	0	0	
0	0	6	0	1	0	0	0	0	0	0	0	0	0	0	0	
0	0	0	0	0	0	0	0	1	0	0	0	1	0	0	0	
0	0	6	0	1	1	0	0	0	0	0	0	0	0	0	0	
0	0	0	0	1	1	0	0	0	0	0	0	0	0	0	0	
0	0	6	0	0	0	0	0	0	0	0	0	0	0	0	0	
0	0	0	2	0	0	0	0	0	0	0	0	0	0	0	0	
0	0	6	0	1	1	0	0	0	0	0	0	0	0	0	0	
0	0	0	0	0	1	0	0	1	0	0	0	0	0	0	0	
0	0	6	0	1	1	0	0	0	0	0	0	0	0	0	0	
0	0	0	0	0	0	0	0	2	0	0	0	0	0	0	0	
0	0	0	0	0	0	0	0	1	0	0	0	1	0	0	0	
0	0	0	0	2	0	0	0	0	0	0	0	0	0	0	0	
0	0	6	0	1	2	0	0	0	0	0	0	0	0	0	0	
0	0	8	7	23	26	6	4	6	2	1	1	1	1	0	1	
0	0	0	0	0	0	0	0	2	0	0	0	0	0	0	0	
0	0	0	0	4	0	0	0	0	0	0	0	0	0	0	0	
0	0	0	0	8	2	0	0	0	0	0	0	0	0	0	0	
0	0	0	0	0	0	0	2	0	0	0	0	0	0	0	0	
0	0	0	0	1	1	0	0	0	0	0	0	0	0	0	0	
0	0	0	0	0	0	1	1	5	2	1	1	1	1	0	1	
0	0	0	0	0	2	0	0	0	0	0	0	0	0	0	0	
0	0	6	0	1	2	0	0	0	0	0	0	0	0	0	0	
0	0	0	0	9	2	0	0	0	0	0	0	0	0	0	0	
0	0	6	0	1	2	0	0	0	0	0	0	0	0	0	0	
0	0	6	0	1	0	0	0	0	0	0	0	0	0	0	0	
0	0	0	0	0	4	0	0	0	0	0	0	0	0	0	0	
0	0	6	0	0	0	0	0	0	0	0	0	0	0	0	0	
0	0	0	0	11	14	4	3	5	2	1	1	1	1	0	1	
0	0	0	0	2	1	0	0	0	0	0	0	0	0	0	0	
0	0	6	0	1	0	0	0	0	0	0	0	0	0	0	0	
0	0	6	0	1	2	0	0	0	0	0	0	0	0	0	0	
0	0	6	0	1	0	0	0	0	0	0	0	0	0	0	0	
0	0	0	0	0	0	0	0	4	2	1	1	0	1	0	1	
0	0	6	0	1	1	0	0	0	0	0	0	0	0	0	0	
0	0	9	7	36	28	6	4	8	2	1	1	1	1	0	1	
0	0	6	0	1	1	0	0	0	0	0	0	0	0	0	0	
0	0	0	0	0	4	4	3	5	2	1	1	1	1	0	1	
0	0	0	0	9	2	0	0	0	0	0	0	0	0	0	0	
0	0	6	0	1	2	0	0	0	0	0	0	0	0	0	0	
0	0	6	0	1	2	0	0	0	0	0	0	0	0	0	0	
0	0	0	0	1	1	0	0	0	0	0	0	0	0	0	0	
