Q5K	0	NaN	0	0	0	0	0	0	0	0	0.0384615384615385	0	0.0487804878048781	0.0555555555555556	0	0	0	0
V13I	0	NaN	0	0	0	0	0	0	0	0	0	0	0.0487804878048781	0	0	0	0	0
V13A	0	NaN	0	0	0	0	0	0	0	0	0	0.0384615384615385	0.024390243902439	0.111111111111111	0.185185185185185	0.25	0.333333333333333	0.3
V13A	0	NaN	0	0	0	0	0	0	0	0	0	0	0.024390243902439	0.0555555555555556	0	0	0	0
L15I	0	NaN	0	0	0	0	0	0	0	0	0	0	0	0.0555555555555556	0	0.0625	0	0
I16V	0	NaN	0	0	0	0	0	0	0	0	0	0	0	0.0555555555555556	0.037037037037037	0	0	0
I16M	0	NaN	0	0.25	0	0	0.2	0.0666666666666667	0	0	0	0	0	0	0	0	0	0
I17T	0	NaN	0	0	0	0	0	0	0	0	0	0	0.024390243902439	0.0555555555555556	0	0	0	0
T19L	0	NaN	0	0	0	0	0	0	0	0.08	0	0	0	0	0	0	0	0
T19S	0	NaN	0	0	0	0	0	0	0	0	0	0	0	0	0	0.0625	0	0.15
F22L	0	NaN	0	0	0	0	0	0	0	0	0	0.0384615384615385	0.024390243902439	0	0	0	0	0
F22L	0	NaN	0	0	0	0	0.05	0	0.0357142857142857	0	0	0	0	0	0	0	0	0
I26V	0	NaN	0.166666666666667	0.25	0.2	1	0.75	0.8	0.857142857142857	0.64	0.346153846153846	0.346153846153846	0.268292682926829	0.611111111111111	0.333333333333333	0.375	0.476190476190476	0.45
V26I	0	NaN	0	0	0	0	0	0.0666666666666667	0.107142857142857	0.36	0.653846153846154	0.653846153846154	0.707317073170732	0.333333333333333	0.62962962962963	0.625	0.523809523809524	0.5
I26V	0	NaN	0.166666666666667	0.25	0.4	0	0	0	0	0	0	0	0	0	0	0	0	0
V30L	0	NaN	0	0	0	0	0	0	0	0	0	0	0	0	0	0	0.0952380952380952	0.05
T31I	0	NaN	0	0	0	0	0	0	0	0	0	0	0.0487804878048781	0	0	0	0	0
V33I	0	NaN	0	0	0	0	0	0	0	0	0	0	0	0	0.037037037037037	0.3125	0.238095238095238	0.35
V33I	0	NaN	0	0	0	0	0	0	0	0	0	0	0.0487804878048781	0	0	0	0	0
T34K	0	NaN	0	0	0	0	0	0	0	0	0	0.0769230769230769	0.024390243902439	0	0.0740740740740741	0	0	0
L35F	0	NaN	0	0	0	0	0	0	0	0	0	0	0	0	0.0740740740740741	0.125	0.238095238095238	0.2
K38N	0	NaN	0	0	0	0	0	0	0	0	0	0.0384615384615385	0	0	0	0	0	0.05
K38R	0	NaN	0	0	0	0	0	0	0	0	0	0	0	0	0	0	0.0952380952380952	0.05
Q39R	0	NaN	0	0	0	0	0	0	0	0	0	0	0	0.0555555555555556	0.0740740740740741	0	0	0
Q39R	0	NaN	0	0	0	0	0	0	0	0.08	0.115384615384615	0.115384615384615	0	0	0	0	0	0
H40D	0	NaN	0	0	0	0	0	0	0	0	0	0	0	0	0.111111111111111	0.0625	0.0476190476190476	0.05
H40Y	0	NaN	0	0	0	0	0	0	0	0	0	0	0.024390243902439	0.0555555555555556	0	0	0	0
D41N	0	NaN	0	0	0	0	0	0.0666666666666667	0.107142857142857	0.36	0.576923076923077	0.576923076923077	0.609756097560976	0.277777777777778	0.518518518518518	0.5	0.476190476190476	0.4
N41D	0	NaN	0	0	0	0	0	0	0	0	0.0384615384615385	0.0384615384615385	0.024390243902439	0	0.111111111111111	0.0625	0.0476190476190476	0.05
D41N	0	NaN	0	0	0	0	0	0.0666666666666667	0	0.08	0.115384615384615	0.115384615384615	0	0	0	0	0	0
N41D	0	NaN	0	0	0	0.363636363636364	0.4	0.0666666666666667	0.0357142857142857	0	0	0	0	0	0	0	0	0
D41N	0	NaN	0	0	0	0	0	0	0	0	0	0	0	0.111111111111111	0.037037037037037	0	0.0476190476190476	0.05
D41N	0	NaN	0.333333333333333	0	0	0	0	0	0	0	0	0	0	0	0	0	0	0
C42Y	0	NaN	0	0	0	0	0	0	0.0357142857142857	0	0	0.0384615384615385	0.024390243902439	0	0	0	0	0
N43D	0	NaN	0	0	0.2	0.818181818181818	0.7	0.866666666666667	0.892857142857143	0.96	0.923076923076923	0.884615384615385	0.902439024390244	0.555555555555556	0.592592592592593	0.6875	0.523809523809524	0.5
D43N	0	NaN	0	0	0	0	0	0	0	0	0	0	0	0	0.0740740740740741	0	0	0
N43K	0	NaN	0	0	0	0	0	0	0	0	0	0	0	0	0.0740740740740741	0	0	0
N43K	0	NaN	0	0.25	0	0	0.2	0.0666666666666667	0	0	0	0	0	0	0	0	0	0
S44P	0	NaN	0	0	0	0	0	0	0	0	0	0	0	0	0	0	0	0.15
S44P	0	NaN	0	0	0	0	0	0	0	0	0	0	0	0	0	0	0.0476190476190476	0.05
S44P	0	NaN	0	0	0	0	0	0	0	0	0	0.0384615384615385	0.024390243902439	0	0	0	0	0
S44P	0	NaN	0	0	0	0	0	0	0	0	0	0	0	0	0	0	0.0476190476190476	0.05
S45F	0	NaN	0	0	0	0	0	0	0	0	0	0.0384615384615385	0.024390243902439	0	0	0	0	0
S45F	0	NaN	0	0	0	0	0	0	0	0.08	0.115384615384615	0.115384615384615	0	0	0	0	0	0
P46S	0	NaN	0	0	0	0	0	0	0	0	0	0	0	0.0555555555555556	0	0	0.0952380952380952	0.05
P46S	0	NaN	0	0	0	0	0	0	0	0	0	0.0769230769230769	0.024390243902439	0	0.037037037037037	0	0	0
P46L	0	NaN	0	0	0	0	0	0	0	0	0	0	0	0.277777777777778	0.037037037037037	0.0625	0.0476190476190476	0.1
P46T	0	NaN	0	0	0	0	0	0	0	0	0	0	0	0	0.037037037037037	0	0	0
T46L	0	NaN	0	0.25	0	0	0.2	0.0666666666666667	0	0	0	0	0	0	0	0	0	0
P46L	0	NaN	0.166666666666667	0.25	0.4	0	0	0	0	0	0	0	0	0	0	0	0	0
P46S	0	NaN	0	0	0.2	0	0	0	0	0	0	0	0	0	0	0	0	0.05
N47S	0	NaN	0	0	0	0	0	0	0	0	0	0	0	0	0.037037037037037	0.125	0.142857142857143	0.2
Q49H	0	NaN	0	0	0	0	0	0	0	0.12	0.192307692307692	0.423076923076923	0.390243902439024	0.277777777777778	0.481481481481481	0.5	0.476190476190476	0.4
Q49R	0	NaN	0	0	0	0	0	0	0	0.04	0.0384615384615385	0	0	0	0	0	0	0
V50A	0	NaN	0	0	0	0	0	0	0.107142857142857	0.08	0	0	0	0.0555555555555556	0	0	0	0
M51I	0	NaN	0	0	0	0	0	0	0	0	0	0.0769230769230769	0.024390243902439	0	0.0740740740740741	0	0	0
M51I	0	NaN	0	0	0	0	0	0	0	0	0	0	0	0	0	0	0.0952380952380952	0.05
M51K	0	NaN	0.166666666666667	0.25	0.4	0	0	0	0	0	0	0	0	0	0	0	0	0
L52F	0	NaN	0	0	0	0.181818181818182	0.05	0.0666666666666667	0.428571428571429	0.44	0.653846153846154	0.692307692307692	0.707317073170732	0.333333333333333	0.666666666666667	0.625	0.523809523809524	0.5
F52I	0	NaN	0	0	0	0	0	0	0	0	0	0	0.0487804878048781	0.0555555555555556	0	0	0	0
L52F	0	NaN	0	0	0	0	0	0	0	0	0	0	0	0	0	0	0.0952380952380952	0.05
L52R	0	NaN	0	0.25	0	0	0	0	0	0	0	0	0	0	0.037037037037037	0	0	0
R52Q	0	NaN	0	0	0	0	0.2	0.0666666666666667	0	0	0	0	0	0	0	0	0	0
T56K	0	NaN	0	0	0	0	0	0	0	0.08	0	0	0	0	0	0	0	0
I57V	0	NaN	0	0	0	0	0	0	0	0	0	0	0.0487804878048781	0.0555555555555556	0	0	0	0
I57V	0	NaN	0	0	0	0	0	0	0	0	0	0	0	0	0	0	0.0476190476190476	0.05
I57V	0	NaN	0	0	0	0	0	0	0	0	0	0	0	0.166666666666667	0.037037037037037	0	0.0476190476190476	0.05
I58V	0	NaN	0	0	0	0	0	0	0	0	0	0	0	0	0.037037037037037	0.1875	0	0
K62R	0	NaN	0	0	0	0	0.05	0.0666666666666667	0.107142857142857	0.2	0.0769230769230769	0.0384615384615385	0.0731707317073171	0.111111111111111	0	0	0	0
K62R	0	NaN	0	0	0	0	0	0	0	0	0	0	0	0	0	0	0	0.1
K62T	0	NaN	0.833333333333333	0.5	0.8	0	0.05	0	0.0357142857142857	0	0	0	0.024390243902439	0.0555555555555556	0	0	0	0.05
T62V	0	NaN	0	0	0	0	0	0.0666666666666667	0	0	0	0	0	0	0.037037037037037	0	0	0
V62I	0	NaN	0	0.25	0	0	0.2	0.0666666666666667	0	0	0	0	0	0	0	0	0	0
T63M	0	NaN	0	0	0	0	0	0	0	0	0.0384615384615385	0	0.0487804878048781	0	0	0	0	0
E64R	0	NaN	0	0	0	0	0	0.133333333333333	0	0	0	0	0	0	0	0	0	0
L68M	0	NaN	0	0	0	0	0	0	0	0	0	0.0769230769230769	0.024390243902439	0	0.0740740740740741	0	0	0
T69I	0	NaN	0	0	0	0	0	0	0	0	0	0	0.0487804878048781	0	0	0	0	0
N70K	0	NaN	0	0	0	0	0	0	0	0	0	0	0.0487804878048781	0.0555555555555556	0	0	0	0
T71I	0	NaN	0	0	0	0.363636363636364	0.3	0.0666666666666667	0.0357142857142857	0	0	0	0	0	0	0	0	0
T71I	0	NaN	0	0	0	0	0	0	0	0	0	0	0	0	0.0740740740740741	0	0	0
I73V	0	NaN	0.166666666666667	0.25	0.2	1	0.75	0.866666666666667	0.964285714285714	1	1	1	0.975609756097561	0.944444444444444	0.962962962962963	1	1	0.95
E74D	0	NaN	0	0	0	0	0	0	0	0	0	0	0.0487804878048781	0.0555555555555556	0	0	0	0
I77T	0	NaN	0	0	0	0	0	0	0	0	0.0384615384615385	0	0.0487804878048781	0	0	0	0	0
K80N	0	NaN	0	0	0	0	0	0	0	0	0	0.0384615384615385	0	0.0555555555555556	0	0	0	0
L81P	0	NaN	0.166666666666667	0.25	0.2	1	0.75	0.866666666666667	0.857142857142857	0.96	1	0.884615384615385	0.707317073170732	0.833333333333333	0.777777777777778	0.8125	0.904761904761905	0.9
P81T	0	NaN	0	0	0	0	0	0	0	0	0	0.0769230769230769	0.024390243902439	0.0555555555555556	0	0	0.0952380952380952	0.05
T81S	0	NaN	0	0	0	0	0	0	0	0	0	0.0384615384615385	0.24390243902439	0	0.185185185185185	0.1875	0	0
P81T	0	NaN	0	0	0	0	0	0	0.107142857142857	0	0	0	0	0	0	0	0	0
P81T	0	NaN	0	0	0	0	0	0	0	0.04	0	0	0	0.0555555555555556	0	0	0	0
A82T	0	NaN	0	0	0	0	0	0	0.0714285714285714	0.16	0.192307692307692	0.461538461538462	0.439024390243902	0.277777777777778	0.481481481481481	0.5	0.476190476190476	0.4
A82V	0	NaN	0	0	0	0	0	0	0	0	0	0	0	0	0	0	0.0952380952380952	0
E83K	0	NaN	0.333333333333333	0	0	0	0	0	0	0	0	0	0.024390243902439	0.0555555555555556	0	0	0	0
N86K	0	NaN	0	0	0	0	0	0	0	0	0	0.0384615384615385	0	0	0	0	0	0.05
S88L	0	NaN	0	0	0	0	0	0	0	0	0	0	0	0	0	0	0.0476190476190476	0.05
N93S	0	NaN	0	0	0	0	0	0	0	0	0	0	0.0487804878048781	0	0	0	0	0
N93D	0	NaN	0	0	0	0	0	0.0666666666666667	0.0357142857142857	0.04	0	0	0	0	0	0	0	0
N93K	0	NaN	0.166666666666667	0.25	0.4	0	0	0	0	0	0	0	0	0	0	0	0	0
N93D	0	NaN	0.166666666666667	0.25	0.2	0	0	0	0	0	0	0	0	0	0	0	0	0
T95A	0	NaN	0	0	0	0	0.05	0	0.0714285714285714	0.04	0.0769230769230769	0.115384615384615	0.0731707317073171	0.111111111111111	0.259259259259259	0.25	0.333333333333333	0.3
K102R	0	NaN	0	0	0	0	0	0	0	0	0	0	0.0487804878048781	0.0555555555555556	0	0	0	0
S109A	0	NaN	0.166666666666667	0.25	0.2	0	0	0	0	0	0	0	0	0	0	0	0	0
P126H	0	NaN	0	0	0	0	0	0	0	0	0.115384615384615	0.384615384615385	0.341463414634146	0.277777777777778	0.444444444444444	0.3125	0.428571428571429	0.1
H126Q	0	NaN	0	0	0	0	0	0	0	0	0	0	0	0	0	0.1875	0.0476190476190476	0.3
P126S	0	NaN	0	0	0	0	0	0	0	0	0.0384615384615385	0	0.024390243902439	0	0	0.0625	0	0
P126S	0	NaN	0	0	0	0	0	0	0.0357142857142857	0.04	0	0	0	0.0555555555555556	0	0	0	0
S126P	0	NaN	0	0	0	0	0	0.0666666666666667	0	0.04	0	0	0	0	0	0	0	0
P126L	0	NaN	0	0	0	0	0.05	0	0.0714285714285714	0.04	0.0769230769230769	0.115384615384615	0.0731707317073171	0.388888888888889	0.296296296296296	0.3125	0.476190476190476	0.45
P126L	0	NaN	0	0	0	0	0	0	0	0	0	0	0.024390243902439	0.0555555555555556	0	0	0	0
K128R	0	NaN	0	0	0	0	0	0	0	0	0	0	0	0.0555555555555556	0.0740740740740741	0	0	0
L140V	0	NaN	0	0	0	0	0	0	0	0	0	0	0	0	0	0	0.0476190476190476	0.05
G143R	0	NaN	0	0	0	0	0	0	0	0	0	0	0	0.277777777777778	0.037037037037037	0.0625	0.142857142857143	0.15
G143R	0	NaN	0	0	0.2	0	0	0	0	0	0	0	0	0	0	0	0	0.05
G143V	0	NaN	0	0	0	0	0	0	0	0	0	0	0.024390243902439	0.0555555555555556	0	0	0	0
D147G	0	NaN	0	0	0	0	0	0.133333333333333	0	0	0	0	0	0	0	0	0	0
I176V	0	NaN	0	0	0	0	0	0	0	0	0	0	0.0487804878048781	0	0	0	0	0
H184Y	0	NaN	0	0	0	0	0	0	0	0	0	0	0	0.0555555555555556	0	0	0.0952380952380952	0.05
H184Y	0	NaN	0	0	0	0	0	0	0	0	0	0	0.024390243902439	0	0	0	0.0952380952380952	0
H184Y	0	NaN	0	0	0	0	0	0	0	0	0.0769230769230769	0.0769230769230769	0	0	0	0	0	0
V192I	0	NaN	0	0	0	0	0	0	0	0	0	0.0384615384615385	0.024390243902439	0	0.037037037037037	0	0	0
D197N	0	NaN	0	0.25	0	0	0.2	0.0666666666666667	0	0	0	0	0	0	0	0	0	0
K199E	0	NaN	0	0	0	0	0	0	0	0	0	0	0.0731707317073171	0	0.111111111111111	0	0	0
E199K	0	NaN	0	0	0	0	0	0	0	0	0	0.0384615384615385	0.0975609756097561	0	0.0740740740740741	0.1875	0	0
K199N	0	NaN	0	0	0	0	0	0	0	0	0	0	0	0	0	0	0.0476190476190476	0.05
K199G	0	NaN	0	0	0	0	0	0	0	0	0	0	0.0487804878048781	0	0	0	0	0
K199E	0	NaN	0	0	0	0	0	0	0	0	0.0769230769230769	0	0.024390243902439	0	0	0	0	0
K199E	0	NaN	0	0	0	0	0	0	0	0	0	0	0.0487804878048781	0	0	0	0	0
K199E	0	NaN	0	0	0	0	0	0	0	0	0	0.0384615384615385	0	0	0	0	0	0.05
K199E	0	NaN	0	0	0	0	0.05	0.0666666666666667	0	0	0	0	0	0	0	0	0	0
E199G	0	NaN	0	0	0	0	0	0	0.0714285714285714	0.16	0.0769230769230769	0	0.0487804878048781	0.0555555555555556	0	0	0	0
G199R	0	NaN	0	0	0	0	0	0	0	0	0	0.0384615384615385	0	0.0555555555555556	0	0	0	0
E199K	0	NaN	0	0	0	0	0.05	0	0.0357142857142857	0.04	0	0	0.024390243902439	0	0	0	0	0
K199R	0	NaN	0	0	0	0	0	0.266666666666667	0.142857142857143	0.04	0	0	0	0	0	0.0625	0	0
R199G	0	NaN	0	0	0	0	0	0	0	0.04	0	0	0	0.0555555555555556	0	0	0	0
K199E	0	NaN	0	0.25	0	0	0.05	0	0.0714285714285714	0.04	0.0384615384615385	0.115384615384615	0.024390243902439	0.333333333333333	0.222222222222222	0.3125	0.428571428571429	0.4
E199G	0	NaN	0	0	0	0	0	0	0	0	0.0384615384615385	0	0.024390243902439	0	0	0	0	0
E199K	0	NaN	0	0	0	0	0	0	0	0	0	0	0.024390243902439	0	0.037037037037037	0	0	0
E199K	0	NaN	0	0	0	0	0	0	0	0	0	0	0	0.0555555555555556	0.037037037037037	0	0.0476190476190476	0.05
K199N	0	NaN	0	0.25	0	0	0.2	0.0666666666666667	0	0	0	0	0	0	0.037037037037037	0	0	0
K199N	0	NaN	0	0	0.2	0	0	0	0	0	0	0	0	0	0	0	0	0.05
K199E	0	NaN	0	0	0	0	0	0	0	0	0	0	0.024390243902439	0.0555555555555556	0	0	0	0
E199N	0	NaN	0.333333333333333	0	0	0	0	0	0	0	0	0	0	0	0	0	0	0
F205L	0	NaN	0	0	0	0	0	0	0	0	0	0	0	0	0	0.1875	0.142857142857143	0.35
G209E	0	NaN	0	0	0	0	0	0	0.107142857142857	0	0	0	0	0	0	0	0	0
R210K	0	NaN	0	0	0	0	0	0	0	0	0	0	0.0487804878048781	0.0555555555555556	0	0	0	0
V212A	0	NaN	0	0	0	0	0	0	0.0357142857142857	0.08	0	0	0	0	0	0	0	0
V212I	0	NaN	0.333333333333333	0	0	0	0	0	0	0	0	0	0	0	0	0	0	0
K220R	0	NaN	0	0	0	0	0	0	0	0	0	0.0384615384615385	0.024390243902439	0	0	0	0	0
K220N	0	NaN	0	0	0	0	0.05	0	0.0357142857142857	0	0	0	0	0	0	0	0	0
N221K	0	NaN	0	0	0	0	0	0	0	0	0	0	0	0.111111111111111	0	0.0625	0.0952380952380952	0.1
K221N	0	NaN	0	0	0	0	0	0	0	0	0	0	0	0.166666666666667	0.037037037037037	0	0.0476190476190476	0.05
Q226H	0	NaN	0	0	0	0	0	0	0	0	0	0	0.024390243902439	0.0555555555555556	0	0	0	0
N234D	0	NaN	0.166666666666667	0.25	0.2	0	0	0	0	0	0	0	0	0	0	0	0	0
T236I	0	NaN	0	0	0	0	0	0	0	0	0	0	0	0	0	0.0625	0	0.15
T236I	0	NaN	0.166666666666667	0.25	0.4	0	0	0	0	0	0	0	0	0	0	0	0	0
T236I	0	NaN	0	0	0	0	0	0	0	0	0	0	0.024390243902439	0.0555555555555556	0	0	0	0
T238I	0	NaN	0	0	0	0	0	0	0	0.16	0.0769230769230769	0.0384615384615385	0.0487804878048781	0.111111111111111	0	0	0	0
M241I	0	NaN	0	0	0	0	0	0	0	0	0	0.0384615384615385	0.024390243902439	0	0	0	0	0
K253R	0	NaN	0	0	0	0	0	0	0	0	0	0.0384615384615385	0.024390243902439	0.111111111111111	0.185185185185185	0.25	0.333333333333333	0.3
I257V	0	NaN	0	0.25	0	0	0.2	0.0666666666666667	0	0	0	0	0	0	0	0	0	0
I257V	0	NaN	0.5	0.25	0.2	0	0	0	0	0	0	0	0.024390243902439	0.0555555555555556	0	0	0	0
E258K	0	NaN	0	0	0	0	0	0	0	0	0	0	0	0	0	0	0.0476190476190476	0.05
E258V	0	NaN	0	0.25	0	0	0.05	0	0.0714285714285714	0.04	0.0769230769230769	0.115384615384615	0.0731707317073171	0.388888888888889	0.296296296296296	0.3125	0.476190476190476	0.45
E258K	0	NaN	0.166666666666667	0.25	0.2	0	0	0	0	0	0	0	0	0	0	0	0	0
K261R	0	NaN	0	0	0	0	0	0	0	0	0.0384615384615385	0	0.024390243902439	0	0	0.0625	0	0
I262V	0	NaN	0	0	0	0	0	0	0	0	0	0	0	0	0	0	0.0476190476190476	0.05
I263V	0	NaN	0.166666666666667	0.5	0.6	0	0.2	0.133333333333333	0	0	0	0	0	0	0.037037037037037	0	0	0.05
V263A	0	NaN	0	0	0	0	0.05	0	0.0357142857142857	0	0	0	0	0	0	0	0	0
H264R	0	NaN	0	0	0	0	0	0	0	0	0	0	0.0487804878048781	0	0	0	0	0
I265V	0	NaN	0	0	0	0	0	0	0	0	0	0	0	0	0	0	0.0476190476190476	0.05
I265V	0	NaN	0	0.25	0	0	0.05	0	0.0714285714285714	0.04	0.0769230769230769	0.115384615384615	0.0731707317073171	0.388888888888889	0.296296296296296	0.3125	0.476190476190476	0.45
T267K	0	NaN	0	0	0	0	0	0	0	0	0	0	0	0	0	0	0.0476190476190476	0.05
T267K	0	NaN	0	0	0	0	0	0.133333333333333	0	0	0	0	0	0	0	0	0	0
T267K	0	NaN	0.166666666666667	0.25	0	0	0.05	0	0.0714285714285714	0.04	0.0769230769230769	0.115384615384615	0.0731707317073171	0.388888888888889	0.296296296296296	0.3125	0.476190476190476	0.45
S269L	0	NaN	0	0	0	0	0	0	0	0	0	0	0	0	0	0	0.0476190476190476	0.05
A272S	0	NaN	0	0	0	0	0	0	0	0	0	0.0384615384615385	0.024390243902439	0	0	0	0	0
P285S	0	NaN	0	0	0	0	0	0	0	0	0	0	0	0	0.037037037037037	0.3125	0.238095238095238	0.35
V290I	0	NaN	0	0	0	0	0.05	0	0.0714285714285714	0.04	0.0769230769230769	0.115384615384615	0.0731707317073171	0.111111111111111	0.259259259259259	0.25	0.333333333333333	0.3
K296R	0	NaN	0	0	0	0	0	0	0	0	0	0	0.024390243902439	0.0555555555555556	0	0	0	0
D309E	0	NaN	0	0	0.2	0.363636363636364	0.4	0.133333333333333	0.0357142857142857	0.08	0.115384615384615	0.115384615384615	0	0	0	0	0	0
Y310F	0	NaN	0	0	0	0	0	0	0	0	0	0.0384615384615385	0.0975609756097561	0	0.111111111111111	0.1875	0	0
Y310F	0	NaN	0	0	0	0	0.1	0	0	0	0	0	0	0	0	0	0	0
S311N	0	NaN	0	0	0	0	0	0	0.107142857142857	0	0	0	0	0	0	0	0	0
I312T	0	NaN	0	0	0	0	0	0	0	0	0.115384615384615	0.384615384615385	0.341463414634146	0.277777777777778	0.481481481481481	0.5	0.476190476190476	0.4
V313A	0	NaN	0	0	0	0	0	0	0	0	0.0384615384615385	0	0.024390243902439	0	0	0.0625	0	0
V313I	0	NaN	0	0	0	0	0	0.0666666666666667	0.0357142857142857	0.04	0	0	0	0	0	0	0	0
S315R	0	NaN	0	0	0	0	0.05	0	0.0357142857142857	0	0	0	0	0	0	0	0	0
V317I	0	NaN	0	0	0	0	0	0	0	0	0	0	0	0	0.037037037037037	0.3125	0.238095238095238	0.35
V317L	0	NaN	0	0	0	0	0	0	0	0	0	0	0	0.166666666666667	0.037037037037037	0	0.0476190476190476	0.05
V317M	0	NaN	0	0	0	0	0	0	0	0	0	0	0.024390243902439	0.0555555555555556	0	0	0	0
K328R	0	NaN	0	0	0	0	0	0	0	0	0.0769230769230769	0	0	0	0.037037037037037	0	0	0
K328R	0	NaN	0	0	0	0	0	0	0	0	0	0	0	0	0.037037037037037	0.125	0	0.05
